# d[m] t[degC] S[%] c[m/s]
   +0.00   +20.81   +38.10 +1527.14
   +0.80   +20.72   +38.11 +1526.90
   +1.60   +20.71   +38.07 +1526.85
   +2.30   +20.73   +38.01 +1526.86
   +3.10   +20.74   +38.07 +1526.96
   +3.90   +20.72   +38.04 +1526.88
   +4.70   +20.70   +38.04 +1526.85
   +5.50   +20.70   +38.03 +1526.85
   +6.20   +20.70   +38.03 +1526.86
   +7.00   +20.68   +38.04 +1526.84
   +7.80   +20.67   +38.05 +1526.83
   +8.60   +20.67   +38.02 +1526.82
   +9.40   +20.66   +38.05 +1526.83
  +10.10   +20.65   +38.02 +1526.78
  +10.90   +20.64   +38.05 +1526.80
  +11.70   +20.64   +38.04 +1526.80
  +12.50   +20.65   +38.02 +1526.82
  +13.30   +20.65   +38.05 +1526.85
  +14.00   +20.63   +38.04 +1526.83
  +14.80   +20.61   +38.02 +1526.76
  +15.60   +20.18   +38.39 +1526.00
  +16.40   +19.63   +38.24 +1524.36
  +17.20   +18.31   +38.89 +1521.36
  +18.00   +16.71   +38.81 +1516.62
  +18.70   +15.78   +38.43 +1513.40
  +19.50   +15.50   +38.31 +1512.39
  +20.30   +15.29   +38.33 +1511.78
  +21.10   +15.08   +38.25 +1511.07
  +21.90   +14.86   +38.31 +1510.44
  +22.60   +14.74   +38.19 +1509.93
  +23.40   +14.67   +38.19 +1509.74
  +24.20   +14.63   +38.16 +1509.60
  +25.00   +14.62   +38.15 +1509.54
  +25.80   +14.54   +38.17 +1509.33
  +26.50   +14.50   +38.17 +1509.21
  +27.30   +14.45   +38.12 +1509.03
  +28.10   +14.39   +38.17 +1508.91
  +28.90   +14.33   +38.11 +1508.65
  +29.70   +14.27   +38.17 +1508.54
  +30.40   +14.23   +38.17 +1508.45
  +31.20   +14.20   +38.14 +1508.32
  +32.00   +14.17   +38.16 +1508.26
  +32.80   +14.14   +38.16 +1508.18
  +33.60   +14.08   +38.17 +1508.02
  +34.30   +14.04   +38.17 +1507.89
  +35.10   +14.03   +38.16 +1507.86
  +35.90   +14.00   +38.18 +1507.80
  +36.70   +13.97   +38.15 +1507.67
  +37.50   +13.90   +38.19 +1507.51
  +38.30   +13.79   +38.17 +1507.15
  +39.00   +13.77   +38.19 +1507.11
  +39.80   +13.73   +38.17 +1506.99
  +40.60   +13.70   +38.18 +1506.92
  +41.40   +13.64   +38.21 +1506.75
  +42.20   +13.59   +38.20 +1506.60
  +42.90   +13.56   +38.17 +1506.47
  +43.70   +13.52   +38.19 +1506.39
  +44.50   +13.51   +38.19 +1506.38
  +45.30   +13.51   +38.17 +1506.35
  +46.10   +13.50   +38.18 +1506.35
  +46.80   +13.49   +38.23 +1506.38
  +47.60   +13.48   +38.20 +1506.32
  +48.40   +13.46   +38.18 +1506.28
  +49.20   +13.46   +38.17 +1506.25
  +50.00   +13.44   +38.19 +1506.25
  +50.80   +13.43   +38.20 +1506.21
  +51.50   +13.42   +38.20 +1506.21
  +52.30   +13.41   +38.19 +1506.19
  +53.10   +13.41   +38.22 +1506.21
  +53.90   +13.40   +38.21 +1506.18
  +54.70   +13.39   +38.21 +1506.18
  +55.40   +13.38   +38.22 +1506.17
  +56.20   +13.38   +38.23 +1506.19
  +57.00   +13.37   +38.23 +1506.18
  +57.80   +13.37   +38.22 +1506.17
  +58.60   +13.37   +38.23 +1506.19
  +59.30   +13.37   +38.22 +1506.20
  +60.10   +13.37   +38.23 +1506.24
  +60.90   +13.38   +38.22 +1506.25
  +61.70   +13.37   +38.23 +1506.25
  +62.50   +13.37   +38.20 +1506.24
  +63.30   +13.37   +38.23 +1506.28
  +64.00   +13.37   +38.24 +1506.30
  +64.80   +13.36   +38.23 +1506.28
  +65.60   +13.36   +38.29 +1506.35
  +66.40   +13.36   +38.23 +1506.31
  +67.20   +13.37   +38.24 +1506.35
  +67.90   +13.36   +38.24 +1506.33
  +68.70   +13.36   +38.25 +1506.35
  +69.50   +13.35   +38.24 +1506.33
  +70.30   +13.35   +38.23 +1506.33
  +71.10   +13.35   +38.21 +1506.33
  +71.80   +13.35   +38.25 +1506.37
  +72.60   +13.35   +38.24 +1506.38
  +73.40   +13.34   +38.24 +1506.36
  +74.20   +13.34   +38.24 +1506.36
  +75.00   +13.34   +38.26 +1506.39
  +75.80   +13.35   +38.27 +1506.45
  +76.50   +13.34   +38.24 +1506.43
  +77.30   +13.34   +38.26 +1506.47
  +78.10   +13.33   +38.28 +1506.46
  +78.90   +13.34   +38.28 +1506.49
  +79.70   +13.34   +38.30 +1506.53
  +80.40   +13.34   +38.31 +1506.56
  +81.20   +13.34   +38.30 +1506.56
  +82.00   +13.33   +38.25 +1506.49
  +82.80   +13.33   +38.29 +1506.54
  +83.60   +13.33   +38.30 +1506.58
  +84.40   +13.34   +38.26 +1506.56
  +85.10   +13.34   +38.31 +1506.64
  +85.90   +13.34   +38.31 +1506.64
  +86.70   +13.32   +38.27 +1506.56
  +87.50   +13.37   +38.26 +1506.73
  +88.30   +13.43   +33.98 +1501.87
  +89.00   +13.41   +33.87 +1501.67
  +89.80   +13.40   +33.81 +1501.58
  +90.60   +13.40   +33.77 +1501.55
  +91.40   +13.40   +33.77 +1501.56
  +92.20   +13.40   +33.77 +1501.57
  +93.00   +13.40   +33.77 +1501.59
  +93.70   +13.40   +33.77 +1501.60
  +94.50   +13.40   +33.77 +1501.61
  +95.30   +13.40   +33.77 +1501.62
  +96.10   +13.40   +33.77 +1501.64
  +96.90   +13.40   +33.77 +1501.65
  +97.70   +13.40   +33.77 +1501.66
  +98.40   +13.40   +33.77 +1501.67
  +99.20   +13.40   +33.77 +1501.69
 +100.00   +13.40   +33.77 +1501.70
 +100.80   +13.40   +33.77 +1501.71
 +101.60   +13.40   +33.77 +1501.72
 +102.30   +13.40   +33.77 +1501.74
 +103.10   +13.40   +33.76 +1501.75
 +103.90   +13.40   +33.76 +1501.76
 +104.70   +13.40   +33.76 +1501.77
 +105.50   +13.40   +33.76 +1501.79
 +106.30   +13.40   +33.76 +1501.80
 +107.00   +13.40   +33.76 +1501.81
 +107.80   +13.40   +33.76 +1501.82
 +108.60   +13.40   +33.76 +1501.84
 +109.40   +13.40   +33.76 +1501.85
 +110.20   +13.40   +33.76 +1501.86
 +110.90   +13.40   +33.76 +1501.87
 +111.70   +13.40   +33.76 +1501.89
 +112.50   +13.40   +33.76 +1501.90
 +113.30   +13.40   +33.76 +1501.91
 +114.10   +13.40   +33.76 +1501.92
 +114.90   +13.40   +33.76 +1501.94
 +115.60   +13.40   +33.76 +1501.95
 +116.40   +13.40   +33.76 +1501.96
 +117.20   +13.40   +33.76 +1501.97
 +118.00   +13.40   +33.76 +1501.99
 +118.80   +13.40   +33.76 +1502.00
 +119.60   +13.40   +33.76 +1502.01
 +120.30   +13.40   +33.76 +1502.02
 +121.10   +13.40   +33.76 +1502.04
 +121.90   +13.40   +33.76 +1502.05
 +122.70   +13.40   +33.76 +1502.06
 +123.50   +13.40   +33.76 +1502.07
 +124.30   +13.40   +33.76 +1502.09
 +125.00   +13.40   +33.76 +1502.10
 +125.80   +13.40   +33.76 +1502.11
 +126.60   +13.40   +33.76 +1502.13
 +127.40   +13.40   +33.75 +1502.14
 +128.20   +13.40   +33.75 +1502.15
 +128.90   +13.40   +33.75 +1502.16
 +129.70   +13.40   +33.75 +1502.18
 +130.50   +13.40   +33.75 +1502.19
 +131.30   +13.40   +33.75 +1502.20
 +132.10   +13.40   +33.75 +1502.21
 +132.90   +13.40   +33.75 +1502.23
 +133.60   +13.40   +33.75 +1502.24
 +134.40   +13.40   +33.75 +1502.25
 +135.20   +13.40   +33.75 +1502.26
 +136.00   +13.40   +33.75 +1502.28
 +136.80   +13.40   +33.75 +1502.29
 +137.60   +13.40   +33.75 +1502.30
 +138.30   +13.40   +33.75 +1502.31
 +139.10   +13.40   +33.75 +1502.33
 +139.90   +13.40   +33.75 +1502.34
 +140.70   +13.40   +33.75 +1502.35
 +141.50   +13.40   +33.75 +1502.36
 +142.30   +13.40   +33.75 +1502.38
 +143.00   +13.40   +33.75 +1502.39
 +143.80   +13.40   +33.75 +1502.40
 +144.60   +13.40   +33.75 +1502.41
 +145.40   +13.40   +33.75 +1502.43
 +146.20   +13.40   +33.75 +1502.44
 +147.00   +13.40   +33.75 +1502.45
 +147.70   +13.40   +33.75 +1502.46
 +148.50   +13.40   +33.75 +1502.48
 +149.30   +13.40   +33.75 +1502.49
 +150.10   +13.40   +33.75 +1502.50
 +150.90   +13.40   +33.75 +1502.51
 +151.70   +13.40   +33.75 +1502.53
 +152.40   +13.40   +33.74 +1502.54
 +153.20   +13.40   +33.74 +1502.55
 +154.00   +13.40   +33.74 +1502.56
 +154.80   +13.40   +33.74 +1502.58
 +155.60   +13.40   +33.74 +1502.59
 +156.40   +13.40   +33.74 +1502.60
 +157.10   +13.40   +33.74 +1502.62
 +157.90   +13.40   +33.74 +1502.63
 +158.70   +13.40   +33.74 +1502.64
 +159.50   +13.40   +33.74 +1502.65
 +160.30   +13.40   +33.74 +1502.67
 +161.10   +13.40   +33.74 +1502.68
 +161.80   +13.40   +33.74 +1502.69
 +162.60   +13.40   +33.74 +1502.70
 +163.40   +13.40   +33.74 +1502.72
 +164.20   +13.40   +33.74 +1502.73
 +165.00   +13.40   +33.74 +1502.74
 +165.80   +13.40   +33.74 +1502.75
 +166.50   +13.40   +33.74 +1502.77
 +167.30   +13.40   +33.74 +1502.78
 +168.10   +13.40   +33.74 +1502.79
 +168.90   +13.40   +33.74 +1502.80
 +169.70   +13.40   +33.74 +1502.82
 +170.50   +13.40   +33.74 +1502.83
 +171.20   +13.40   +33.74 +1502.84
 +172.00   +13.40   +33.74 +1502.85
 +172.80   +13.40   +33.74 +1502.87
 +173.60   +13.40   +33.74 +1502.88
 +174.40   +13.40   +33.74 +1502.89
 +175.20   +13.40   +33.74 +1502.90
 +175.90   +13.40   +33.74 +1502.92
 +176.70   +13.40   +33.73 +1502.93
 +177.50   +13.40   +33.73 +1502.94
 +178.30   +13.40   +33.73 +1502.95
 +179.10   +13.40   +33.73 +1502.97
 +179.90   +13.40   +33.73 +1502.98
 +180.60   +13.40   +33.73 +1502.99
 +181.40   +13.40   +33.73 +1503.01
 +182.20   +13.40   +33.73 +1503.02
 +183.00   +13.40   +33.73 +1503.03
 +183.80   +13.40   +33.73 +1503.04
 +184.60   +13.40   +33.73 +1503.06
 +185.40   +13.40   +33.73 +1503.07
 +186.10   +13.40   +33.73 +1503.08
 +186.90   +13.40   +33.73 +1503.09
 +187.70   +13.40   +33.73 +1503.11
 +188.50   +13.40   +33.73 +1503.12
 +189.30   +13.40   +33.73 +1503.13
 +190.10   +13.40   +33.73 +1503.14
 +190.80   +13.40   +33.73 +1503.16
 +191.60   +13.40   +33.73 +1503.17
 +192.40   +13.40   +33.73 +1503.18
 +193.20   +13.40   +33.73 +1503.19
 +194.00   +13.40   +33.73 +1503.21
 +194.80   +13.40   +33.73 +1503.22
 +195.50   +13.40   +33.73 +1503.23
 +196.30   +13.40   +33.73 +1503.24
 +197.10   +13.40   +33.73 +1503.26
 +197.90   +13.40   +33.73 +1503.27
 +198.70   +13.40   +33.73 +1503.28
 +199.50   +13.40   +33.73 +1503.29
 +200.20   +13.40   +33.73 +1503.31
 +201.00   +13.40   +33.73 +1503.32
 +201.80   +13.40   +33.72 +1503.33
 +202.60   +13.40   +33.72 +1503.34
 +203.40   +13.40   +33.72 +1503.36
 +204.20   +13.40   +33.72 +1503.37
 +205.00   +13.40   +33.72 +1503.38
 +205.70   +13.40   +33.72 +1503.40
 +206.50   +13.40   +33.72 +1503.41
 +207.30   +13.40   +33.72 +1503.42
 +208.10   +13.40   +33.72 +1503.43
 +208.90   +13.40   +33.72 +1503.45
 +209.70   +13.40   +33.72 +1503.46
 +210.40   +13.40   +33.72 +1503.47
 +211.20   +13.40   +33.72 +1503.48
 +212.00   +13.40   +33.72 +1503.50
 +212.80   +13.40   +33.72 +1503.51
 +213.60   +13.40   +33.72 +1503.52
 +214.40   +13.40   +33.72 +1503.53
 +215.20   +13.40   +33.72 +1503.55
 +215.90   +13.40   +33.72 +1503.56
 +216.70   +13.40   +33.72 +1503.57
 +217.50   +13.40   +33.72 +1503.58
 +218.30   +13.40   +33.72 +1503.60
 +219.10   +13.40   +33.72 +1503.61
 +219.90   +13.40   +33.72 +1503.62
 +220.60   +13.40   +33.72 +1503.63
 +221.40   +13.40   +33.72 +1503.65
 +222.20   +13.40   +33.72 +1503.66
 +223.00   +13.40   +33.72 +1503.67
 +223.80   +13.40   +33.72 +1503.69
 +224.60   +13.40   +33.72 +1503.70
 +225.40   +13.40   +33.72 +1503.71
 +226.10   +13.40   +33.71 +1503.72
 +226.90   +13.40   +33.71 +1503.74
 +227.70   +13.40   +33.71 +1503.75
 +228.50   +13.40   +33.71 +1503.76
 +229.30   +13.40   +33.71 +1503.77
 +230.10   +13.40   +33.71 +1503.79
 +230.90   +13.40   +33.71 +1503.80
 +231.60   +13.40   +33.71 +1503.81
 +232.40   +13.40   +33.71 +1503.82
 +233.20   +13.40   +33.71 +1503.84
 +234.00   +13.40   +33.71 +1503.85
 +234.80   +13.40   +33.71 +1503.86
 +235.60   +13.40   +33.71 +1503.87
 +236.30   +13.40   +33.71 +1503.89
 +237.10   +13.40   +33.71 +1503.90
 +237.90   +13.40   +33.71 +1503.91
 +238.70   +13.40   +33.71 +1503.92
 +239.50   +13.40   +33.71 +1503.94
 +240.30   +13.40   +33.71 +1503.95
 +241.10   +13.40   +33.71 +1503.96
 +241.80   +13.40   +33.71 +1503.98
 +242.60   +13.40   +33.71 +1503.99
 +243.40   +13.40   +33.71 +1504.00
 +244.20   +13.40   +33.71 +1504.01
 +245.00   +13.40   +33.71 +1504.03
 +245.80   +13.40   +33.71 +1504.04
 +246.60   +13.40   +33.71 +1504.05
 +247.30   +13.40   +33.71 +1504.06
 +248.10   +13.40   +33.71 +1504.08
 +248.90   +13.40   +33.71 +1504.09
 +249.70   +13.40   +33.71 +1504.10
 +250.50   +13.40   +33.71 +1504.11
 +251.30   +13.40   +33.70 +1504.13
 +252.10   +13.40   +33.70 +1504.14
 +252.80   +13.40   +33.70 +1504.15
 +253.60   +13.40   +33.70 +1504.16
 +254.40   +13.40   +33.70 +1504.18
 +255.20   +13.40   +33.70 +1504.19
 +256.00   +13.40   +33.70 +1504.20
 +256.80   +13.40   +33.70 +1504.21
 +257.60   +13.40   +33.70 +1504.23
 +258.30   +13.40   +33.70 +1504.24
 +259.10   +13.40   +33.70 +1504.25
 +259.90   +13.40   +33.70 +1504.27
 +260.70   +13.40   +33.70 +1504.28
 +261.50   +13.40   +33.70 +1504.29
 +262.30   +13.40   +33.70 +1504.30
 +263.10   +13.40   +33.70 +1504.32
 +263.80   +13.40   +33.70 +1504.33
 +264.60   +13.40   +33.70 +1504.34
 +265.40   +13.40   +33.70 +1504.35
 +266.20   +13.40   +33.70 +1504.37
 +267.00   +13.40   +33.70 +1504.38
 +267.80   +13.40   +33.70 +1504.39
 +268.60   +13.40   +33.70 +1504.40
 +269.30   +13.40   +33.70 +1504.42
 +270.10   +13.40   +33.70 +1504.43
 +270.90   +13.40   +33.70 +1504.44
 +271.70   +13.40   +33.70 +1504.45
 +272.50   +13.40   +33.70 +1504.47
 +273.30   +13.40   +33.70 +1504.48
 +274.10   +13.40   +33.70 +1504.49
 +274.80   +13.40   +33.70 +1504.51
 +275.60   +13.40   +33.69 +1504.52
 +276.40   +13.40   +33.69 +1504.53
 +277.20   +13.40   +33.69 +1504.54
 +278.00   +13.40   +33.69 +1504.56
 +278.80   +13.40   +33.69 +1504.57
 +279.60   +13.40   +33.69 +1504.58
 +280.30   +13.40   +33.69 +1504.59
 +281.10   +13.40   +33.69 +1504.61
 +281.90   +13.40   +33.69 +1504.62
 +282.70   +13.40   +33.69 +1504.63
 +283.50   +13.40   +33.69 +1504.64
 +284.30   +13.40   +33.69 +1504.66
 +285.10   +13.40   +33.69 +1504.67
 +285.90   +13.40   +33.69 +1504.68
 +286.60   +13.40   +33.69 +1504.69
 +287.40   +13.40   +33.69 +1504.71
 +288.20   +13.40   +33.69 +1504.72
 +289.00   +13.40   +33.69 +1504.73
 +289.80   +13.40   +33.69 +1504.74
 +290.60   +13.40   +33.69 +1504.76
 +291.40   +13.40   +33.69 +1504.77
 +292.10   +13.40   +33.69 +1504.78
 +292.90   +13.40   +33.69 +1504.80
 +293.70   +13.40   +33.69 +1504.81
 +294.50   +13.40   +33.69 +1504.82
 +295.30   +13.40   +33.69 +1504.83
 +296.10   +13.40   +33.69 +1504.85
 +296.90   +13.40   +33.69 +1504.86
 +297.70   +13.40   +33.69 +1504.87
 +298.40   +13.40   +33.69 +1504.88
 +299.20   +13.40   +33.69 +1504.90
 +300.00   +13.40   +33.69 +1504.91
 +300.80   +13.40   +33.68 +1504.92
 +301.60   +13.40   +33.68 +1504.93
 +302.40   +13.40   +33.68 +1504.95
 +303.20   +13.40   +33.68 +1504.96
 +303.90   +13.40   +33.68 +1504.97
 +304.70   +13.40   +33.68 +1504.99
 +305.50   +13.40   +33.68 +1505.00
 +306.30   +13.40   +33.68 +1505.01
 +307.10   +13.40   +33.68 +1505.02
 +307.90   +13.40   +33.68 +1505.04
 +308.70   +13.40   +33.68 +1505.05
 +309.50   +13.40   +33.68 +1505.06
 +310.20   +13.40   +33.68 +1505.07
 +311.00   +13.40   +33.68 +1505.09
 +311.80   +13.40   +33.68 +1505.10
 +312.60   +13.40   +33.68 +1505.11
 +313.40   +13.40   +33.68 +1505.12
 +314.20   +13.40   +33.68 +1505.14
 +315.00   +13.40   +33.68 +1505.15
 +315.80   +13.40   +33.68 +1505.16
 +316.50   +13.40   +33.68 +1505.17
 +317.30   +13.40   +33.68 +1505.19
 +318.10   +13.40   +33.68 +1505.20
 +318.90   +13.40   +33.68 +1505.21
 +319.70   +13.40   +33.68 +1505.23
 +320.50   +13.40   +33.68 +1505.24
 +321.30   +13.40   +33.68 +1505.25
 +322.10   +13.40   +33.68 +1505.26
 +322.80   +13.40   +33.68 +1505.28
 +323.60   +13.40   +33.68 +1505.29
 +324.40   +13.40   +33.68 +1505.30
 +325.20   +13.40   +33.67 +1505.31
 +326.00   +13.40   +33.67 +1505.33
 +326.80   +13.40   +33.67 +1505.34
 +327.60   +13.40   +33.67 +1505.35
 +328.40   +13.40   +33.67 +1505.36
 +329.10   +13.40   +33.67 +1505.38
 +329.90   +13.40   +33.67 +1505.39
 +330.70   +13.40   +33.67 +1505.40
 +331.50   +13.40   +33.67 +1505.42
 +332.30   +13.40   +33.67 +1505.43
 +333.10   +13.40   +33.67 +1505.44
 +333.90   +13.40   +33.67 +1505.45
 +334.70   +13.40   +33.67 +1505.47
 +335.40   +13.40   +33.67 +1505.48
 +336.20   +13.40   +33.67 +1505.49
 +337.00   +13.40   +33.67 +1505.50
 +337.80   +13.40   +33.67 +1505.52
 +338.60   +13.40   +33.67 +1505.53
 +339.40   +13.40   +33.67 +1505.54
 +340.20   +13.40   +33.67 +1505.55
 +341.00   +13.40   +33.67 +1505.57
 +341.70   +13.40   +33.67 +1505.58
 +342.50   +13.40   +33.67 +1505.59
 +343.30   +13.40   +33.67 +1505.61
 +344.10   +13.40   +33.67 +1505.62
 +344.90   +13.40   +33.67 +1505.63
 +345.70   +13.40   +33.67 +1505.64
 +346.50   +13.40   +33.67 +1505.66
 +347.30   +13.40   +33.67 +1505.67
 +348.00   +13.40   +33.67 +1505.68
 +348.80   +13.40   +33.67 +1505.69
 +349.60   +13.40   +33.67 +1505.71
 +350.40   +13.40   +33.66 +1505.72
 +351.20   +13.40   +33.66 +1505.73
 +352.00   +13.40   +33.66 +1505.74
 +352.80   +13.40   +33.66 +1505.76
 +353.60   +13.40   +33.66 +1505.77
 +354.40   +13.40   +33.66 +1505.78
 +355.10   +13.40   +33.66 +1505.80
 +355.90   +13.40   +33.66 +1505.81
 +356.70   +13.40   +33.66 +1505.82
 +357.50   +13.40   +33.66 +1505.83
 +358.30   +13.40   +33.66 +1505.85
 +359.10   +13.40   +33.66 +1505.86
 +359.90   +13.40   +33.66 +1505.87
 +360.70   +13.40   +33.66 +1505.88
 +361.40   +13.40   +33.66 +1505.90
 +362.20   +13.40   +33.66 +1505.91
 +363.00   +13.40   +33.66 +1505.92
 +363.80   +13.40   +33.66 +1505.93
 +364.60   +13.40   +33.66 +1505.95
 +365.40   +13.40   +33.66 +1505.96
 +366.20   +13.40   +33.66 +1505.97
 +367.00   +13.40   +33.66 +1505.99
 +367.80   +13.40   +33.66 +1506.00
 +368.50   +13.40   +33.66 +1506.01
 +369.30   +13.40   +33.66 +1506.02
 +370.10   +13.40   +33.66 +1506.04
 +370.90   +13.40   +33.66 +1506.05
 +371.70   +13.40   +33.66 +1506.06
 +372.50   +13.40   +33.66 +1506.07
 +373.30   +13.40   +33.66 +1506.09
 +374.10   +13.40   +33.66 +1506.10
 +374.90   +13.40   +33.66 +1506.11
 +375.60   +13.40   +33.65 +1506.12
 +376.40   +13.40   +33.65 +1506.14
 +377.20   +13.40   +33.65 +1506.15
 +378.00   +13.40   +33.65 +1506.16
 +378.80   +13.40   +33.65 +1506.18
 +379.60   +13.40   +33.65 +1506.19
 +380.40   +13.40   +33.65 +1506.20
 +381.20   +13.40   +33.65 +1506.21
 +382.00   +13.40   +33.65 +1506.23
 +382.70   +13.40   +33.65 +1506.24
 +383.50   +13.40   +33.65 +1506.25
 +384.30   +13.40   +33.65 +1506.26
 +385.10   +13.40   +33.65 +1506.28
 +385.90   +13.40   +33.65 +1506.29
 +386.70   +13.40   +33.65 +1506.30
 +387.50   +13.40   +33.65 +1506.31
 +388.30   +13.40   +33.65 +1506.33
 +389.10   +13.40   +33.65 +1506.34
 +389.80   +13.40   +33.65 +1506.35
 +390.60   +13.40   +33.65 +1506.37
 +391.40   +13.40   +33.65 +1506.38
 +392.20   +13.40   +33.65 +1506.39
 +393.00   +13.40   +33.65 +1506.40
 +393.80   +13.40   +33.65 +1506.42
 +394.60   +13.40   +33.65 +1506.43
 +395.40   +13.40   +33.65 +1506.44
 +396.20   +13.40   +33.65 +1506.45
 +397.00   +13.40   +33.65 +1506.47
 +397.70   +13.40   +33.65 +1506.48
 +398.50   +13.40   +33.65 +1506.49
 +399.30   +13.40   +33.65 +1506.51
 +400.10   +13.40   +33.65 +1506.52
 +400.90   +13.40   +33.64 +1506.53
 +401.70   +13.40   +33.64 +1506.54
 +402.50   +13.40   +33.64 +1506.56
 +403.30   +13.40   +33.64 +1506.57
 +404.10   +13.40   +33.64 +1506.58
 +404.80   +13.40   +33.64 +1506.59
 +405.60   +13.40   +33.64 +1506.61
 +406.40   +13.40   +33.64 +1506.62
 +407.20   +13.40   +33.64 +1506.63
 +408.00   +13.40   +33.64 +1506.64
 +408.80   +13.40   +33.64 +1506.66
 +409.60   +13.40   +33.64 +1506.67
 +410.40   +13.40   +33.64 +1506.68
 +411.20   +13.40   +33.64 +1506.70
 +412.00   +13.40   +33.64 +1506.71
 +412.70   +13.40   +33.64 +1506.72
 +413.50   +13.40   +33.64 +1506.73
 +414.30   +13.40   +33.64 +1506.75
 +415.10   +13.40   +33.64 +1506.76
 +415.90   +13.40   +33.64 +1506.77
 +416.70   +13.40   +33.64 +1506.78
 +417.50   +13.40   +33.64 +1506.80
 +418.30   +13.40   +33.64 +1506.81
 +419.10   +13.40   +33.64 +1506.82
 +419.90   +13.40   +33.64 +1506.84
 +420.60   +13.40   +33.64 +1506.85
 +421.40   +13.40   +33.64 +1506.86
 +422.20   +13.40   +33.64 +1506.87
 +423.00   +13.40   +33.64 +1506.89
 +423.80   +13.40   +33.64 +1506.90
 +424.60   +13.40   +33.64 +1506.91
 +425.40   +13.40   +33.63 +1506.92
 +426.20   +13.40   +33.63 +1506.94
 +427.00   +13.40   +33.63 +1506.95
 +427.80   +13.40   +33.63 +1506.96
 +428.60   +13.40   +33.63 +1506.97
 +429.30   +13.40   +33.63 +1506.99
 +430.10   +13.40   +33.63 +1507.00
 +430.90   +13.40   +33.63 +1507.01
 +431.70   +13.40   +33.63 +1507.03
 +432.50   +13.40   +33.63 +1507.04
 +433.30   +13.40   +33.63 +1507.05
 +434.10   +13.40   +33.63 +1507.06
 +434.90   +13.40   +33.63 +1507.08
 +435.70   +13.40   +33.63 +1507.09
 +436.50   +13.40   +33.63 +1507.10
 +437.20   +13.40   +33.63 +1507.11
 +438.00   +13.40   +33.63 +1507.13
 +438.80   +13.40   +33.63 +1507.14
 +439.60   +13.40   +33.63 +1507.15
 +440.40   +13.40   +33.63 +1507.17
 +441.20   +13.40   +33.63 +1507.18
 +442.00   +13.40   +33.63 +1507.19
 +442.80   +13.40   +33.63 +1507.20
 +443.60   +13.40   +33.63 +1507.22
 +444.40   +13.40   +33.63 +1507.23
 +445.20   +13.40   +33.63 +1507.24
 +445.90   +13.40   +33.63 +1507.25
 +446.70   +13.40   +33.63 +1507.27
 +447.50   +13.40   +33.63 +1507.28
 +448.30   +13.40   +33.63 +1507.29
 +449.10   +13.40   +33.63 +1507.31
 +449.90   +13.40   +33.63 +1507.32
 +450.70   +13.40   +33.62 +1507.33
 +451.50   +13.40   +33.62 +1507.34
 +452.30   +13.40   +33.62 +1507.36
 +453.10   +13.40   +33.62 +1507.37
 +453.90   +13.40   +33.62 +1507.38
 +454.70   +13.40   +33.62 +1507.39
 +455.40   +13.40   +33.62 +1507.41
 +456.20   +13.40   +33.62 +1507.42
 +457.00   +13.40   +33.62 +1507.43
 +457.80   +13.40   +33.62 +1507.45
 +458.60   +13.40   +33.62 +1507.46
 +459.40   +13.40   +33.62 +1507.47
 +460.20   +13.40   +33.62 +1507.48
 +461.00   +13.40   +33.62 +1507.50
 +461.80   +13.40   +33.62 +1507.51
 +462.60   +13.40   +33.62 +1507.52
 +463.40   +13.40   +33.62 +1507.53
 +464.10   +13.40   +33.62 +1507.55
 +464.90   +13.40   +33.62 +1507.56
 +465.70   +13.40   +33.62 +1507.57
 +466.50   +13.40   +33.62 +1507.59
 +467.30   +13.40   +33.62 +1507.60
 +468.10   +13.40   +33.62 +1507.61
 +468.90   +13.40   +33.62 +1507.62
 +469.70   +13.40   +33.62 +1507.64
 +470.50   +13.40   +33.62 +1507.65
 +471.30   +13.40   +33.62 +1507.66
 +472.10   +13.40   +33.62 +1507.67
 +472.90   +13.40   +33.62 +1507.69
 +473.60   +13.40   +33.62 +1507.70
 +474.40   +13.40   +33.62 +1507.71
 +475.20   +13.40   +33.62 +1507.73
 +476.00   +13.40   +33.61 +1507.74
 +476.80   +13.40   +33.61 +1507.75
 +477.60   +13.40   +33.61 +1507.76
 +478.40   +13.40   +33.61 +1507.78
 +479.20   +13.40   +33.61 +1507.79
 +480.00   +13.40   +33.61 +1507.80
 +480.80   +13.40   +33.61 +1507.81
 +481.60   +13.40   +33.61 +1507.83
 +482.40   +13.40   +33.61 +1507.84
 +483.20   +13.40   +33.61 +1507.85
 +483.90   +13.40   +33.61 +1507.87
 +484.70   +13.40   +33.61 +1507.88
 +485.50   +13.40   +33.61 +1507.89
 +486.30   +13.40   +33.61 +1507.90
 +487.10   +13.40   +33.61 +1507.92
 +487.90   +13.40   +33.61 +1507.93
 +488.70   +13.40   +33.61 +1507.94
 +489.50   +13.40   +33.61 +1507.95
 +490.30   +13.40   +33.61 +1507.97
 +491.10   +13.40   +33.61 +1507.98
 +491.90   +13.40   +33.61 +1507.99
 +492.70   +13.40   +33.61 +1508.01
 +493.50   +13.40   +33.61 +1508.02
 +494.20   +13.40   +33.61 +1508.03
 +495.00   +13.40   +33.61 +1508.04
 +495.80   +13.40   +33.61 +1508.06
 +496.60   +13.40   +33.61 +1508.07
 +497.40   +13.40   +33.61 +1508.08
 +498.20   +13.40   +33.61 +1508.10
 +499.00   +13.40   +33.61 +1508.11
 +499.80   +13.40   +33.61 +1508.12
 +500.60   +13.40   +33.61 +1508.13
 +501.40   +13.40   +33.60 +1508.15
 +502.20   +13.40   +33.60 +1508.16
 +503.00   +13.40   +33.60 +1508.17
 +503.80   +13.40   +33.60 +1508.18
 +504.60   +13.40   +33.60 +1508.20
 +505.30   +13.40   +33.60 +1508.21
 +506.10   +13.40   +33.60 +1508.22
 +506.90   +13.40   +33.60 +1508.24
 +507.70   +13.40   +33.60 +1508.25
 +508.50   +13.40   +33.60 +1508.26
 +509.30   +13.40   +33.60 +1508.27
 +510.10   +13.40   +33.60 +1508.29
 +510.90   +13.40   +33.60 +1508.30
 +511.70   +13.40   +33.60 +1508.31
 +512.50   +13.40   +33.60 +1508.32
 +513.30   +13.40   +33.60 +1508.34
 +514.10   +13.40   +33.60 +1508.35
 +514.90   +13.40   +33.60 +1508.36
 +515.70   +13.40   +33.60 +1508.38
 +516.40   +13.40   +33.60 +1508.39
 +517.20   +13.40   +33.60 +1508.40
 +518.00   +13.40   +33.60 +1508.41
 +518.80   +13.40   +33.60 +1508.43
 +519.60   +13.40   +33.60 +1508.44
 +520.40   +13.40   +33.60 +1508.45
 +521.20   +13.40   +33.60 +1508.46
 +522.00   +13.40   +33.60 +1508.48
 +522.80   +13.40   +33.60 +1508.49
 +523.60   +13.40   +33.60 +1508.50
 +524.40   +13.40   +33.60 +1508.52
 +525.20   +13.40   +33.60 +1508.53
 +526.00   +13.40   +33.60 +1508.54
 +526.80   +13.40   +33.59 +1508.55
 +527.60   +13.40   +33.59 +1508.57
 +528.40   +13.40   +33.59 +1508.58
 +529.10   +13.40   +33.59 +1508.59
 +529.90   +13.40   +33.59 +1508.61
 +530.70   +13.40   +33.59 +1508.62
 +531.50   +13.40   +33.59 +1508.63
 +532.30   +13.40   +33.59 +1508.64
 +533.10   +13.40   +33.59 +1508.66
 +533.90   +13.40   +33.59 +1508.67
 +534.70   +13.40   +33.59 +1508.68
 +535.50   +13.40   +33.59 +1508.69
 +536.30   +13.40   +33.59 +1508.71
 +537.10   +13.40   +33.59 +1508.72
 +537.90   +13.40   +33.59 +1508.73
 +538.70   +13.40   +33.59 +1508.75
 +539.50   +13.40   +33.59 +1508.76
 +540.30   +13.40   +33.59 +1508.77
 +541.10   +13.40   +33.59 +1508.78
 +541.80   +13.40   +33.59 +1508.80
 +542.60   +13.40   +33.59 +1508.81
 +543.40   +13.40   +33.59 +1508.82
 +544.20   +13.40   +33.59 +1508.84
 +545.00   +13.40   +33.59 +1508.85
 +545.80   +13.40   +33.59 +1508.86
 +546.60   +13.40   +33.59 +1508.87
 +547.40   +13.40   +33.59 +1508.89
 +548.20   +13.40   +33.59 +1508.90
 +549.00   +13.40   +33.59 +1508.91
 +549.80   +13.40   +33.59 +1508.92
 +550.60   +13.40   +33.59 +1508.94
 +551.40   +13.40   +33.59 +1508.95
 +552.20   +13.40   +33.58 +1508.96
 +553.00   +13.40   +33.58 +1508.98
 +553.80   +13.40   +33.58 +1508.99
 +554.60   +13.40   +33.58 +1509.00
 +555.40   +13.40   +33.58 +1509.01
 +556.10   +13.40   +33.58 +1509.03
 +556.90   +13.40   +33.58 +1509.04
 +557.70   +13.40   +33.58 +1509.05
 +558.50   +13.40   +33.58 +1509.07
 +559.30   +13.40   +33.58 +1509.08
 +560.10   +13.40   +33.58 +1509.09
 +560.90   +13.40   +33.58 +1509.10
 +561.70   +13.40   +33.58 +1509.12
 +562.50   +13.40   +33.58 +1509.13
 +563.30   +13.40   +33.58 +1509.14
 +564.10   +13.40   +33.58 +1509.15
 +564.90   +13.40   +33.58 +1509.17
 +565.70   +13.40   +33.58 +1509.18
 +566.50   +13.40   +33.58 +1509.19
 +567.30   +13.40   +33.58 +1509.21
 +568.10   +13.40   +33.58 +1509.22
 +568.90   +13.40   +33.58 +1509.23
 +569.70   +13.40   +33.58 +1509.24
 +570.50   +13.40   +33.58 +1509.26
 +571.30   +13.40   +33.58 +1509.27
 +572.00   +13.40   +33.58 +1509.28
 +572.80   +13.40   +33.58 +1509.30
 +573.60   +13.40   +33.58 +1509.31
 +574.40   +13.40   +33.58 +1509.32
 +575.20   +13.40   +33.58 +1509.33
 +576.00   +13.40   +33.58 +1509.35
 +576.80   +13.40   +33.58 +1509.36
 +577.60   +13.40   +33.57 +1509.37
 +578.40   +13.40   +33.57 +1509.39
 +579.20   +13.40   +33.57 +1509.40
 +580.00   +13.40   +33.57 +1509.41
 +580.80   +13.40   +33.57 +1509.42
 +581.60   +13.40   +33.57 +1509.44
 +582.40   +13.40   +33.57 +1509.45
 +583.20   +13.40   +33.57 +1509.46
 +584.00   +13.40   +33.57 +1509.47
 +584.80   +13.40   +33.57 +1509.49
 +585.60   +13.40   +33.57 +1509.50
 +586.40   +13.40   +33.57 +1509.51
 +587.20   +13.40   +33.57 +1509.53
 +588.00   +13.40   +33.57 +1509.54
 +588.80   +13.40   +33.57 +1509.55
 +589.50   +13.40   +33.57 +1509.56
 +590.30   +13.40   +33.57 +1509.58
 +591.10   +13.40   +33.57 +1509.59
 +591.90   +13.40   +33.57 +1509.60
 +592.70   +13.40   +33.57 +1509.62
 +593.50   +13.40   +33.57 +1509.63
 +594.30   +13.40   +33.57 +1509.64
 +595.10   +13.40   +33.57 +1509.65
 +595.90   +13.40   +33.57 +1509.67
 +596.70   +13.40   +33.57 +1509.68
 +597.50   +13.40   +33.57 +1509.69
 +598.30   +13.40   +33.57 +1509.71
 +599.10   +13.40   +33.57 +1509.72
 +599.90   +13.40   +33.57 +1509.73
 +600.70   +13.40   +33.57 +1509.74
 +601.50   +13.40   +33.57 +1509.76
 +602.30   +13.40   +33.57 +1509.77
 +603.10   +13.40   +33.56 +1509.78
 +603.90   +13.40   +33.56 +1509.80
 +604.70   +13.40   +33.56 +1509.81
 +605.50   +13.40   +33.56 +1509.82
 +606.30   +13.40   +33.56 +1509.83
 +607.10   +13.40   +33.56 +1509.85
 +607.90   +13.40   +33.56 +1509.86
 +608.70   +13.40   +33.56 +1509.87
 +609.50   +13.40   +33.56 +1509.88
 +610.20   +13.40   +33.56 +1509.90
 +611.00   +13.40   +33.56 +1509.91
 +611.80   +13.40   +33.56 +1509.92
 +612.60   +13.40   +33.56 +1509.94
 +613.40   +13.40   +33.56 +1509.95
 +614.20   +13.40   +33.56 +1509.96
 +615.00   +13.40   +33.56 +1509.97
 +615.80   +13.40   +33.56 +1509.99
 +616.60   +13.40   +33.56 +1510.00
 +617.40   +13.40   +33.56 +1510.01
 +618.20   +13.40   +33.56 +1510.03
 +619.00   +13.40   +33.56 +1510.04
 +619.80   +13.40   +33.56 +1510.05
 +620.60   +13.40   +33.56 +1510.06
 +621.40   +13.40   +33.56 +1510.08
 +622.20   +13.40   +33.56 +1510.09
 +623.00   +13.40   +33.56 +1510.10
 +623.80   +13.40   +33.56 +1510.12
 +624.60   +13.40   +33.56 +1510.13
 +625.40   +13.40   +33.56 +1510.14
 +626.20   +13.40   +33.56 +1510.15
 +627.00   +13.40   +33.56 +1510.17
 +627.80   +13.40   +33.56 +1510.18
 +628.60   +13.40   +33.55 +1510.19
 +629.40   +13.40   +33.55 +1510.21
 +630.20   +13.40   +33.55 +1510.22
 +631.00   +13.40   +33.55 +1510.23
 +631.80   +13.40   +33.55 +1510.24
 +632.60   +13.40   +33.55 +1510.26
 +633.40   +13.40   +33.55 +1510.27
 +634.20   +13.40   +33.55 +1510.28
 +635.00   +13.40   +33.55 +1510.30
 +635.80   +13.40   +33.55 +1510.31
 +636.50   +13.40   +33.55 +1510.32
 +637.30   +13.40   +33.55 +1510.33
 +638.10   +13.40   +33.55 +1510.35
 +638.90   +13.40   +33.55 +1510.36
 +639.70   +13.40   +33.55 +1510.37
 +640.50   +13.40   +33.55 +1510.39
 +641.30   +13.40   +33.55 +1510.40
 +642.10   +13.40   +33.55 +1510.41
 +642.90   +13.40   +33.55 +1510.42
 +643.70   +13.40   +33.55 +1510.44
 +644.50   +13.40   +33.55 +1510.45
 +645.30   +13.40   +33.55 +1510.46
 +646.10   +13.40   +33.55 +1510.47
 +646.90   +13.40   +33.55 +1510.49
 +647.70   +13.40   +33.55 +1510.50
 +648.50   +13.40   +33.55 +1510.51
 +649.30   +13.40   +33.55 +1510.53
 +650.10   +13.40   +33.55 +1510.54
 +650.90   +13.40   +33.55 +1510.55
 +651.70   +13.40   +33.55 +1510.56
 +652.50   +13.40   +33.55 +1510.58
 +653.30   +13.40   +33.55 +1510.59
 +654.10   +13.40   +33.54 +1510.60
 +654.90   +13.40   +33.54 +1510.62
 +655.70   +13.40   +33.54 +1510.63
 +656.50   +13.40   +33.54 +1510.64
 +657.30   +13.40   +33.54 +1510.65
 +658.10   +13.40   +33.54 +1510.67
 +658.90   +13.40   +33.54 +1510.68
 +659.70   +13.40   +33.54 +1510.69
 +660.50   +13.40   +33.54 +1510.71
 +661.30   +13.40   +33.54 +1510.72
 +662.10   +13.40   +33.54 +1510.73
 +662.90   +13.40   +33.54 +1510.74
 +663.70   +13.40   +33.54 +1510.76
 +664.50   +13.40   +33.54 +1510.77
 +665.30   +13.40   +33.54 +1510.78
 +666.10   +13.40   +33.54 +1510.80
 +666.90   +13.40   +33.54 +1510.81
 +667.70   +13.40   +33.54 +1510.82
 +668.50   +13.40   +33.54 +1510.83
 +669.30   +13.40   +33.54 +1510.85
 +670.10   +13.40   +33.54 +1510.86
 +670.90   +13.40   +33.54 +1510.87
 +671.70   +13.40   +33.54 +1510.89
 +672.50   +13.40   +33.54 +1510.90
 +673.30   +13.40   +33.54 +1510.91
 +674.10   +13.40   +33.54 +1510.92
 +674.90   +13.40   +33.54 +1510.94
 +675.70   +13.40   +33.54 +1510.95
 +676.50   +13.40   +33.54 +1510.96
 +677.30   +13.40   +33.54 +1510.98
 +678.10   +13.40   +33.54 +1510.99
 +678.90   +13.40   +33.54 +1511.00
 +679.70   +13.40   +33.53 +1511.01
 +680.50   +13.40   +33.53 +1511.03
 +681.20   +13.40   +33.53 +1511.04
 +682.00   +13.40   +33.53 +1511.05
 +682.80   +13.40   +33.53 +1511.07
 +683.60   +13.40   +33.53 +1511.08
 +684.40   +13.40   +33.53 +1511.09
 +685.20   +13.40   +33.53 +1511.10
 +686.00   +13.40   +33.53 +1511.12
 +686.80   +13.40   +33.53 +1511.13
 +687.60   +13.40   +33.53 +1511.14
 +688.40   +13.40   +33.53 +1511.16
 +689.20   +13.40   +33.53 +1511.17
 +690.00   +13.40   +33.53 +1511.18
 +690.80   +13.40   +33.53 +1511.19
 +691.60   +13.40   +33.53 +1511.21
 +692.40   +13.40   +33.53 +1511.22
 +693.20   +13.40   +33.53 +1511.23
 +694.00   +13.40   +33.53 +1511.25
 +694.80   +13.40   +33.53 +1511.26
 +695.60   +13.40   +33.53 +1511.27
 +696.40   +13.40   +33.53 +1511.29
 +697.20   +13.40   +33.53 +1511.30
 +698.00   +13.40   +33.53 +1511.31
 +698.80   +13.40   +33.53 +1511.32
 +699.60   +13.40   +33.53 +1511.34
 +700.40   +13.40   +33.53 +1511.35
 +701.20   +13.40   +33.53 +1511.36
 +702.00   +13.40   +33.53 +1511.38
 +702.80   +13.40   +33.53 +1511.39
 +703.60   +13.40   +33.53 +1511.40
 +704.40   +13.40   +33.53 +1511.41
 +705.20   +13.40   +33.53 +1511.43
 +706.00   +13.40   +33.52 +1511.44
 +706.80   +13.40   +33.52 +1511.45
 +707.60   +13.40   +33.52 +1511.47
 +708.40   +13.40   +33.52 +1511.48
 +709.20   +13.40   +33.52 +1511.49
 +710.00   +13.40   +33.52 +1511.50
 +710.80   +13.40   +33.52 +1511.52
 +711.60   +13.40   +33.52 +1511.53
 +712.40   +13.40   +33.52 +1511.54
 +713.20   +13.40   +33.52 +1511.56
 +714.00   +13.40   +33.52 +1511.57
 +714.80   +13.40   +33.52 +1511.58
 +715.60   +13.40   +33.52 +1511.59
 +716.40   +13.40   +33.52 +1511.61
 +717.20   +13.40   +33.52 +1511.62
 +718.00   +13.40   +33.52 +1511.63
 +718.80   +13.40   +33.52 +1511.65
 +719.60   +13.40   +33.52 +1511.66
 +720.40   +13.40   +33.52 +1511.67
 +721.20   +13.40   +33.52 +1511.68
 +722.00   +13.40   +33.52 +1511.70
 +722.80   +13.40   +33.52 +1511.71
 +723.60   +13.40   +33.52 +1511.72
 +724.40   +13.40   +33.52 +1511.74
 +725.20   +13.40   +33.52 +1511.75
 +726.00   +13.40   +33.52 +1511.76
 +726.80   +13.40   +33.52 +1511.77
 +727.60   +13.40   +33.52 +1511.79
 +728.40   +13.40   +33.52 +1511.80
 +729.20   +13.40   +33.52 +1511.81
 +730.00   +13.40   +33.52 +1511.83
 +730.80   +13.40   +33.52 +1511.84
 +731.60   +13.40   +33.51 +1511.85
 +732.40   +13.40   +33.51 +1511.86
 +733.20   +13.40   +33.51 +1511.88
 +734.00   +13.40   +33.51 +1511.89
 +734.80   +13.40   +33.51 +1511.90
 +735.60   +13.40   +33.51 +1511.92
 +736.40   +13.40   +33.51 +1511.93
 +737.20   +13.40   +33.51 +1511.94
 +738.00   +13.40   +33.51 +1511.95
 +738.80   +13.40   +33.51 +1511.97
 +739.60   +13.40   +33.51 +1511.98
 +740.40   +13.40   +33.51 +1511.99
 +741.20   +13.40   +33.51 +1512.01
 +742.00   +13.40   +33.51 +1512.02
 +742.80   +13.40   +33.51 +1512.03
 +743.60   +13.40   +33.51 +1512.05
 +744.40   +13.40   +33.51 +1512.06
 +745.20   +13.40   +33.51 +1512.07
 +746.00   +13.40   +33.51 +1512.08
 +746.80   +13.40   +33.51 +1512.10
 +747.60   +13.40   +33.51 +1512.11
 +748.40   +13.40   +33.51 +1512.12
 +749.20   +13.40   +33.51 +1512.14
 +750.00   +13.40   +33.51 +1512.15
 +750.80   +13.40   +33.51 +1512.16
 +751.60   +13.40   +33.51 +1512.17
 +752.40   +13.40   +33.51 +1512.19
 +753.20   +13.40   +33.51 +1512.20
 +754.10   +13.40   +33.51 +1512.21
 +754.90   +13.40   +33.51 +1512.23
 +755.70   +13.40   +33.51 +1512.24
 +756.50   +13.40   +33.51 +1512.25
 +757.30   +13.40   +33.50 +1512.26
 +758.10   +13.40   +33.50 +1512.28
 +758.90   +13.40   +33.50 +1512.29
 +759.70   +13.40   +33.50 +1512.30
 +760.50   +13.40   +33.50 +1512.32
 +761.30   +13.40   +33.50 +1512.33
 +762.10   +13.40   +33.50 +1512.34
 +762.90   +13.40   +33.50 +1512.36
 +763.70   +13.40   +33.50 +1512.37
 +764.50   +13.40   +33.50 +1512.38
 +765.30   +13.40   +33.50 +1512.39
 +766.10   +13.40   +33.50 +1512.41
 +766.90   +13.40   +33.50 +1512.42
 +767.70   +13.40   +33.50 +1512.43
 +768.50   +13.40   +33.50 +1512.45
 +769.30   +13.40   +33.50 +1512.46
 +770.10   +13.40   +33.50 +1512.47
 +770.90   +13.40   +33.50 +1512.48
 +771.70   +13.40   +33.50 +1512.50
 +772.50   +13.40   +33.50 +1512.51
 +773.30   +13.40   +33.50 +1512.52
 +774.10   +13.40   +33.50 +1512.54
 +774.90   +13.40   +33.50 +1512.55
 +775.70   +13.40   +33.50 +1512.56
 +776.50   +13.40   +33.50 +1512.57
 +777.30   +13.40   +33.50 +1512.59
 +778.10   +13.40   +33.50 +1512.60
 +778.90   +13.40   +33.50 +1512.61
 +779.70   +13.40   +33.50 +1512.63
 +780.50   +13.40   +33.50 +1512.64
 +781.30   +13.40   +33.50 +1512.65
 +782.10   +13.40   +33.50 +1512.67
 +782.90   +13.40   +33.49 +1512.68
 +783.70   +13.40   +33.49 +1512.69
 +784.50   +13.40   +33.49 +1512.70
 +785.30   +13.40   +33.49 +1512.72
 +786.10   +13.40   +33.49 +1512.73
 +786.90   +13.40   +33.49 +1512.74
 +787.70   +13.40   +33.49 +1512.76
 +788.50   +13.40   +33.49 +1512.77
 +789.30   +13.40   +33.49 +1512.78
 +790.20   +13.40   +33.49 +1512.79
 +791.00   +13.40   +33.49 +1512.81
 +791.80   +13.40   +33.49 +1512.82
 +792.60   +13.40   +33.49 +1512.83
 +793.40   +13.40   +33.49 +1512.85
 +794.20   +13.40   +33.49 +1512.86
 +795.00   +13.40   +33.49 +1512.87
 +795.80   +13.40   +33.49 +1512.89
 +796.60   +13.40   +33.49 +1512.90
 +797.40   +13.40   +33.49 +1512.91
 +798.20   +13.40   +33.49 +1512.92
 +799.00   +13.40   +33.49 +1512.94
 +799.80   +13.40   +33.49 +1512.95
 +800.60   +13.40   +33.49 +1512.96
 +801.40   +13.40   +33.49 +1512.98
 +802.20   +13.40   +33.49 +1512.99
 +803.00   +13.40   +33.49 +1513.00
 +803.80   +13.40   +33.49 +1513.01
 +804.60   +13.40   +33.49 +1513.03
 +805.40   +13.40   +33.49 +1513.04
 +806.20   +13.40   +33.49 +1513.05
 +807.00   +13.40   +33.49 +1513.07
 +807.80   +13.40   +33.49 +1513.08
 +808.60   +13.40   +33.49 +1513.09
 +809.40   +13.40   +33.48 +1513.11
 +810.20   +13.40   +33.48 +1513.12
 +811.00   +13.40   +33.48 +1513.13
 +811.80   +13.40   +33.48 +1513.14
 +812.70   +13.40   +33.48 +1513.16
 +813.50   +13.40   +33.48 +1513.17
 +814.30   +13.40   +33.48 +1513.18
 +815.10   +13.40   +33.48 +1513.20
 +815.90   +13.40   +33.48 +1513.21
 +816.70   +13.40   +33.48 +1513.22
 +817.50   +13.40   +33.48 +1513.23
 +818.30   +13.40   +33.48 +1513.25
 +819.10   +13.40   +33.48 +1513.26
 +819.90   +13.40   +33.48 +1513.27
 +820.70   +13.40   +33.48 +1513.29
 +821.50   +13.40   +33.48 +1513.30
 +822.30   +13.40   +33.48 +1513.31
 +823.10   +13.40   +33.48 +1513.33
 +823.90   +13.40   +33.48 +1513.34
 +824.70   +13.40   +33.48 +1513.35
 +825.50   +13.40   +33.48 +1513.36
 +826.30   +13.40   +33.48 +1513.38
 +827.10   +13.40   +33.48 +1513.39
 +827.90   +13.40   +33.48 +1513.40
 +828.70   +13.40   +33.48 +1513.42
 +829.60   +13.40   +33.48 +1513.43
 +830.40   +13.40   +33.48 +1513.44
 +831.20   +13.40   +33.48 +1513.46
 +832.00   +13.40   +33.48 +1513.47
 +832.80   +13.40   +33.48 +1513.48
 +833.60   +13.40   +33.48 +1513.49
 +834.40   +13.40   +33.48 +1513.51
 +835.20   +13.40   +33.47 +1513.52
 +836.00   +13.40   +33.47 +1513.53
 +836.80   +13.40   +33.47 +1513.55
 +837.60   +13.40   +33.47 +1513.56
 +838.40   +13.40   +33.47 +1513.57
 +839.20   +13.40   +33.47 +1513.59
 +840.00   +13.40   +33.47 +1513.60
 +840.80   +13.40   +33.47 +1513.61
 +841.60   +13.40   +33.47 +1513.62
 +842.40   +13.40   +33.47 +1513.64
 +843.20   +13.40   +33.47 +1513.65
 +844.10   +13.40   +33.47 +1513.66
 +844.90   +13.40   +33.47 +1513.68
 +845.70   +13.40   +33.47 +1513.69
 +846.50   +13.40   +33.47 +1513.70
 +847.30   +13.40   +33.47 +1513.72
 +848.10   +13.40   +33.47 +1513.73
 +848.90   +13.40   +33.47 +1513.74
 +849.70   +13.40   +33.47 +1513.75
 +850.50   +13.40   +33.47 +1513.77
 +851.30   +13.40   +33.47 +1513.78
 +852.10   +13.40   +33.47 +1513.79
 +852.90   +13.40   +33.47 +1513.81
 +853.70   +13.40   +33.47 +1513.82
 +854.50   +13.40   +33.47 +1513.83
 +855.30   +13.40   +33.47 +1513.85
 +856.10   +13.40   +33.47 +1513.86
 +857.00   +13.40   +33.47 +1513.87
 +857.80   +13.40   +33.47 +1513.88
 +858.60   +13.40   +33.47 +1513.90
 +859.40   +13.40   +33.47 +1513.91
 +860.20   +13.40   +33.47 +1513.92
 +861.00   +13.40   +33.46 +1513.94
 +861.80   +13.40   +33.46 +1513.95
 +862.60   +13.40   +33.46 +1513.96
 +863.40   +13.40   +33.46 +1513.98
 +864.20   +13.40   +33.46 +1513.99
 +865.00   +13.40   +33.46 +1514.00
 +865.80   +13.40   +33.46 +1514.01
 +866.60   +13.40   +33.46 +1514.03
 +867.40   +13.40   +33.46 +1514.04
 +868.30   +13.40   +33.46 +1514.05
 +869.10   +13.40   +33.46 +1514.07
 +869.90   +13.40   +33.46 +1514.08
 +870.70   +13.40   +33.46 +1514.09
 +871.50   +13.40   +33.46 +1514.11
 +872.30   +13.40   +33.46 +1514.12
 +873.10   +13.40   +33.46 +1514.13
 +873.90   +13.40   +33.46 +1514.14
 +874.70   +13.40   +33.46 +1514.16
 +875.50   +13.40   +33.46 +1514.17
 +876.30   +13.40   +33.46 +1514.18
 +877.10   +13.40   +33.46 +1514.20
 +877.90   +13.40   +33.46 +1514.21
 +878.80   +13.40   +33.46 +1514.22
 +879.60   +13.40   +33.46 +1514.24
 +880.40   +13.40   +33.46 +1514.25
 +881.20   +13.40   +33.46 +1514.26
 +882.00   +13.40   +33.46 +1514.27
 +882.80   +13.40   +33.46 +1514.29
 +883.60   +13.40   +33.46 +1514.30
 +884.40   +13.40   +33.46 +1514.31
 +885.20   +13.40   +33.46 +1514.33
 +886.00   +13.40   +33.46 +1514.34
 +886.80   +13.40   +33.46 +1514.35
 +887.60   +13.40   +33.45 +1514.37
 +888.50   +13.40   +33.45 +1514.38
 +889.30   +13.40   +33.45 +1514.39
 +890.10   +13.40   +33.45 +1514.41
 +890.90   +13.40   +33.45 +1514.42
 +891.70   +13.40   +33.45 +1514.43
 +892.50   +13.40   +33.45 +1514.44
 +893.30   +13.40   +33.45 +1514.46
 +894.10   +13.40   +33.45 +1514.47
 +894.90   +13.40   +33.45 +1514.48
 +895.70   +13.40   +33.45 +1514.50
 +896.50   +13.40   +33.45 +1514.51
 +897.40   +13.40   +33.45 +1514.52
 +898.20   +13.40   +33.45 +1514.54
 +899.00   +13.40   +33.45 +1514.55
 +899.80   +13.40   +33.45 +1514.56
 +900.60   +13.40   +33.45 +1514.57
 +901.40   +13.40   +33.45 +1514.59
 +902.20   +13.40   +33.45 +1514.60
 +903.00   +13.40   +33.45 +1514.61
 +903.80   +13.40   +33.45 +1514.63
 +904.60   +13.40   +33.45 +1514.64
 +905.40   +13.40   +33.45 +1514.65
 +906.30   +13.40   +33.45 +1514.67
 +907.10   +13.40   +33.45 +1514.68
 +907.90   +13.40   +33.45 +1514.69
 +908.70   +13.40   +33.45 +1514.71
 +909.50   +13.40   +33.45 +1514.72
 +910.30   +13.40   +33.45 +1514.73
 +911.10   +13.40   +33.45 +1514.74
 +911.90   +13.40   +33.45 +1514.76
 +912.70   +13.40   +33.45 +1514.77
 +913.50   +13.40   +33.44 +1514.78
 +914.40   +13.40   +33.44 +1514.80
 +915.20   +13.40   +33.44 +1514.81
 +916.00   +13.40   +33.44 +1514.82
 +916.80   +13.40   +33.44 +1514.84
 +917.60   +13.40   +33.44 +1514.85
 +918.40   +13.40   +33.44 +1514.86
 +919.20   +13.40   +33.44 +1514.88
 +920.00   +13.40   +33.44 +1514.89
 +920.80   +13.40   +33.44 +1514.90
 +921.70   +13.40   +33.44 +1514.91
 +922.50   +13.40   +33.44 +1514.93
 +923.30   +13.40   +33.44 +1514.94
 +924.10   +13.40   +33.44 +1514.95
 +924.90   +13.40   +33.44 +1514.97
 +925.70   +13.40   +33.44 +1514.98
 +926.50   +13.40   +33.44 +1514.99
 +927.30   +13.40   +33.44 +1515.01
 +928.10   +13.40   +33.44 +1515.02
 +929.00   +13.40   +33.44 +1515.03
 +929.80   +13.40   +33.44 +1515.05
 +930.60   +13.40   +33.44 +1515.06
 +931.40   +13.40   +33.44 +1515.07
 +932.20   +13.40   +33.44 +1515.08
 +933.00   +13.40   +33.44 +1515.10
 +933.80   +13.40   +33.44 +1515.11
 +934.60   +13.40   +33.44 +1515.12
 +935.50   +13.40   +33.44 +1515.14
 +936.30   +13.40   +33.44 +1515.15
 +937.10   +13.40   +33.44 +1515.16
 +937.90   +13.40   +33.44 +1515.18
 +938.70   +13.40   +33.44 +1515.19
 +939.50   +13.40   +33.44 +1515.20
 +940.30   +13.40   +33.43 +1515.22
 +941.10   +13.40   +33.43 +1515.23
 +941.90   +13.40   +33.43 +1515.24
 +942.80   +13.40   +33.43 +1515.25
 +943.60   +13.40   +33.43 +1515.27
 +944.40   +13.40   +33.43 +1515.28
 +945.20   +13.40   +33.43 +1515.29
 +946.00   +13.40   +33.43 +1515.31
 +946.80   +13.40   +33.43 +1515.32
 +947.60   +13.40   +33.43 +1515.33
 +948.50   +13.40   +33.43 +1515.35
 +949.30   +13.40   +33.43 +1515.36
 +950.10   +13.40   +33.43 +1515.37
 +950.90   +13.40   +33.43 +1515.39
 +951.70   +13.40   +33.43 +1515.40
 +952.50   +13.40   +33.43 +1515.41
 +953.30   +13.40   +33.43 +1515.43
 +954.10   +13.40   +33.43 +1515.44
 +955.00   +13.40   +33.43 +1515.45
 +955.80   +13.40   +33.43 +1515.46
 +956.60   +13.40   +33.43 +1515.48
 +957.40   +13.40   +33.43 +1515.49
 +958.20   +13.40   +33.43 +1515.50
 +959.00   +13.40   +33.43 +1515.52
 +959.80   +13.40   +33.43 +1515.53
 +960.70   +13.40   +33.43 +1515.54
 +961.50   +13.40   +33.43 +1515.56
 +962.30   +13.40   +33.43 +1515.57
 +963.10   +13.40   +33.43 +1515.58
 +963.90   +13.40   +33.43 +1515.60
 +964.70   +13.40   +33.43 +1515.61
 +965.50   +13.40   +33.43 +1515.62
 +966.40   +13.40   +33.42 +1515.64
 +967.20   +13.40   +33.42 +1515.65
 +968.00   +13.40   +33.42 +1515.66
 +968.80   +13.40   +33.42 +1515.67
 +969.60   +13.40   +33.42 +1515.69
 +970.40   +13.40   +33.42 +1515.70
 +971.20   +13.40   +33.42 +1515.71
 +972.10   +13.40   +33.42 +1515.73
 +972.90   +13.40   +33.42 +1515.74
 +973.70   +13.40   +33.42 +1515.75
 +974.50   +13.40   +33.42 +1515.77
 +975.30   +13.40   +33.42 +1515.78
 +976.10   +13.40   +33.42 +1515.79
 +976.90   +13.40   +33.42 +1515.81
 +977.80   +13.40   +33.42 +1515.82
 +978.60   +13.40   +33.42 +1515.83
 +979.40   +13.40   +33.42 +1515.85
 +980.20   +13.40   +33.42 +1515.86
 +981.00   +13.40   +33.42 +1515.87
 +981.80   +13.40   +33.42 +1515.88
 +982.70   +13.40   +33.42 +1515.90
 +983.50   +13.40   +33.42 +1515.91
 +984.30   +13.40   +33.42 +1515.92
 +985.10   +13.40   +33.42 +1515.94
 +985.90   +13.40   +33.42 +1515.95
 +986.70   +13.40   +33.42 +1515.96
 +987.50   +13.40   +33.42 +1515.98
 +988.40   +13.40   +33.42 +1515.99
 +989.20   +13.40   +33.42 +1516.00
 +990.00   +13.40   +33.42 +1516.02
 +990.80   +13.40   +33.42 +1516.03
 +991.60   +13.40   +33.42 +1516.04
 +992.40   +13.40   +33.41 +1516.06
 +993.30   +13.40   +33.41 +1516.07
 +994.10   +13.40   +33.41 +1516.08
 +994.90   +13.40   +33.41 +1516.10
 +995.70   +13.40   +33.41 +1516.11
 +996.50   +13.40   +33.41 +1516.12
 +997.30   +13.40   +33.41 +1516.14
 +998.20   +13.40   +33.41 +1516.15
 +999.00   +13.40   +33.41 +1516.16
 +999.80   +13.40   +33.41 +1516.17
+1000.60   +13.40   +33.41 +1516.19
+1001.40   +13.40   +33.41 +1516.20
+1002.20   +13.40   +33.41 +1516.21
+1003.10   +13.40   +33.41 +1516.23
+1003.90   +13.40   +33.41 +1516.24
+1004.70   +13.40   +33.41 +1516.25
+1005.50   +13.40   +33.41 +1516.27
+1006.30   +13.40   +33.41 +1516.28
+1007.10   +13.40   +33.41 +1516.29
+1008.00   +13.40   +33.41 +1516.31
+1008.80   +13.40   +33.41 +1516.32
+1009.60   +13.40   +33.41 +1516.33
+1010.40   +13.40   +33.41 +1516.35
+1011.20   +13.40   +33.41 +1516.36
+1012.10   +13.40   +33.41 +1516.37
+1012.90   +13.40   +33.41 +1516.39
+1013.70   +13.40   +33.41 +1516.40
+1014.50   +13.40   +33.41 +1516.41
+1015.30   +13.40   +33.41 +1516.43
+1016.10   +13.40   +33.41 +1516.44
+1017.00   +13.40   +33.41 +1516.45
+1017.80   +13.40   +33.41 +1516.46
+1018.60   +13.40   +33.41 +1516.48
+1019.40   +13.40   +33.40 +1516.49
+1020.20   +13.40   +33.40 +1516.50
+1021.10   +13.40   +33.40 +1516.52
+1021.90   +13.40   +33.40 +1516.53
+1022.70   +13.40   +33.40 +1516.54
+1023.50   +13.40   +33.40 +1516.56
+1024.30   +13.40   +33.40 +1516.57
+1025.20   +13.40   +33.40 +1516.58
+1026.00   +13.40   +33.40 +1516.60
+1026.80   +13.40   +33.40 +1516.61
+1027.60   +13.40   +33.40 +1516.62
+1028.40   +13.40   +33.40 +1516.64
+1029.30   +13.40   +33.40 +1516.65
+1030.10   +13.40   +33.40 +1516.66
+1030.90   +13.40   +33.40 +1516.68
+1031.70   +13.40   +33.40 +1516.69
+1032.50   +13.40   +33.40 +1516.70
+1033.40   +13.40   +33.40 +1516.72
+1034.20   +13.40   +33.40 +1516.73
+1035.00   +13.40   +33.40 +1516.74
+1035.80   +13.40   +33.40 +1516.76
+1036.60   +13.40   +33.40 +1516.77
+1037.50   +13.40   +33.40 +1516.78
+1038.30   +13.40   +33.40 +1516.80
+1039.10   +13.40   +33.40 +1516.81
+1039.90   +13.40   +33.40 +1516.82
+1040.70   +13.40   +33.40 +1516.84
+1041.60   +13.40   +33.40 +1516.85
+1042.40   +13.40   +33.40 +1516.86
+1043.20   +13.40   +33.40 +1516.87
+1044.00   +13.40   +33.40 +1516.89
+1044.80   +13.40   +33.40 +1516.90
+1045.70   +13.40   +33.39 +1516.91
+1046.50   +13.40   +33.39 +1516.93
+1047.30   +13.40   +33.39 +1516.94
+1048.10   +13.40   +33.39 +1516.95
+1048.90   +13.40   +33.39 +1516.97
+1049.80   +13.40   +33.39 +1516.98
+1050.60   +13.40   +33.39 +1516.99
+1051.40   +13.40   +33.39 +1517.01
+1052.20   +13.40   +33.39 +1517.02
+1053.10   +13.40   +33.39 +1517.03
+1053.90   +13.40   +33.39 +1517.05
+1054.70   +13.40   +33.39 +1517.06
+1055.50   +13.40   +33.39 +1517.07
+1056.30   +13.40   +33.39 +1517.09
+1057.20   +13.40   +33.39 +1517.10
+1058.00   +13.40   +33.39 +1517.11
+1058.80   +13.40   +33.39 +1517.13
+1059.60   +13.40   +33.39 +1517.14
+1060.50   +13.40   +33.39 +1517.15
+1061.30   +13.40   +33.39 +1517.17
+1062.10   +13.40   +33.39 +1517.18
+1062.90   +13.40   +33.39 +1517.19
+1063.70   +13.40   +33.39 +1517.21
+1064.60   +13.40   +33.39 +1517.22
+1065.40   +13.40   +33.39 +1517.23
+1066.20   +13.40   +33.39 +1517.25
+1067.00   +13.40   +33.39 +1517.26
+1067.90   +13.40   +33.39 +1517.27
+1068.70   +13.40   +33.39 +1517.29
+1069.50   +13.40   +33.39 +1517.30
+1070.30   +13.40   +33.39 +1517.31
+1071.20   +13.40   +33.39 +1517.33
+1072.00   +13.40   +33.38 +1517.34
+1072.80   +13.40   +33.38 +1517.35
+1073.60   +13.40   +33.38 +1517.37
+1074.40   +13.40   +33.38 +1517.38
+1075.30   +13.40   +33.38 +1517.39
+1076.10   +13.40   +33.38 +1517.41
+1076.90   +13.40   +33.38 +1517.42
+1077.70   +13.40   +33.38 +1517.43
+1078.60   +13.40   +33.38 +1517.45
+1079.40   +13.40   +33.38 +1517.46
+1080.20   +13.40   +33.38 +1517.47
+1081.00   +13.40   +33.38 +1517.49
+1081.90   +13.40   +33.38 +1517.50
+1082.70   +13.40   +33.38 +1517.51
+1083.50   +13.40   +33.38 +1517.53
+1084.30   +13.40   +33.38 +1517.54
+1085.20   +13.40   +33.38 +1517.55
+1086.00   +13.40   +33.38 +1517.57
+1086.80   +13.40   +33.38 +1517.58
+1087.60   +13.40   +33.38 +1517.59
+1088.50   +13.40   +33.38 +1517.61
+1089.30   +13.40   +33.38 +1517.62
+1090.10   +13.40   +33.38 +1517.63
+1090.90   +13.40   +33.38 +1517.65
+1091.80   +13.40   +33.38 +1517.66
+1092.60   +13.40   +33.38 +1517.67
+1093.40   +13.40   +33.38 +1517.69
+1094.20   +13.40   +33.38 +1517.70
+1095.10   +13.40   +33.38 +1517.71
+1095.90   +13.40   +33.38 +1517.73
+1096.70   +13.40   +33.38 +1517.74
+1097.50   +13.40   +33.38 +1517.75
+1098.40   +13.40   +33.37 +1517.77
+1099.20   +13.40   +33.37 +1517.78
+1100.00   +13.40   +33.37 +1517.79
+1100.80   +13.40   +33.37 +1517.81
+1101.70   +13.40   +33.37 +1517.82
+1102.50   +13.40   +33.37 +1517.83
+1103.30   +13.40   +33.37 +1517.85
+1104.20   +13.40   +33.37 +1517.86
+1105.00   +13.40   +33.37 +1517.87
+1105.80   +13.40   +33.37 +1517.89
+1106.60   +13.40   +33.37 +1517.90
+1107.50   +13.40   +33.37 +1517.91
+1108.30   +13.40   +33.37 +1517.93
+1109.10   +13.40   +33.37 +1517.94
+1109.90   +13.40   +33.37 +1517.95
+1110.80   +13.40   +33.37 +1517.97
+1111.60   +13.40   +33.37 +1517.98
+1112.40   +13.40   +33.37 +1517.99
+1113.30   +13.40   +33.37 +1518.01
+1114.10   +13.40   +33.37 +1518.02
+1114.90   +13.40   +33.37 +1518.03
+1115.70   +13.40   +33.37 +1518.05
+1116.60   +13.40   +33.37 +1518.06
+1117.40   +13.40   +33.37 +1518.07
+1118.20   +13.40   +33.37 +1518.09
+1119.00   +13.40   +33.37 +1518.10
+1119.90   +13.40   +33.37 +1518.11
+1120.70   +13.40   +33.37 +1518.13
+1121.50   +13.40   +33.37 +1518.14
+1122.40   +13.40   +33.37 +1518.15
+1123.20   +13.40   +33.37 +1518.17
+1124.00   +13.40   +33.37 +1518.18
+1124.80   +13.40   +33.37 +1518.19
+1125.70   +13.40   +33.36 +1518.21
+1126.50   +13.40   +33.36 +1518.22
+1127.30   +13.40   +33.36 +1518.23
+1128.20   +13.40   +33.36 +1518.25
+1129.00   +13.40   +33.36 +1518.26
+1129.80   +13.40   +33.36 +1518.27
+1130.70   +13.40   +33.36 +1518.29
+1131.50   +13.40   +33.36 +1518.30
+1132.30   +13.40   +33.36 +1518.31
+1133.10   +13.40   +33.36 +1518.33
+1134.00   +13.40   +33.36 +1518.34
+1134.80   +13.40   +33.36 +1518.35
+1135.60   +13.40   +33.36 +1518.37
+1136.50   +13.40   +33.36 +1518.38
+1137.30   +13.40   +33.36 +1518.39
+1138.10   +13.40   +33.36 +1518.41
+1139.00   +13.40   +33.36 +1518.42
+1139.80   +13.40   +33.36 +1518.43
+1140.60   +13.40   +33.36 +1518.45
+1141.40   +13.40   +33.36 +1518.46
+1142.30   +13.40   +33.36 +1518.47
+1143.10   +13.40   +33.36 +1518.49
+1143.90   +13.40   +33.36 +1518.50
+1144.80   +13.40   +33.36 +1518.51
+1145.60   +13.40   +33.36 +1518.53
+1146.40   +13.40   +33.36 +1518.54
+1147.30   +13.40   +33.36 +1518.55
+1148.10   +13.40   +33.36 +1518.57
+1148.90   +13.40   +33.36 +1518.58
+1149.80   +13.40   +33.36 +1518.59
+1150.60   +13.40   +33.36 +1518.61
+1151.40   +13.40   +33.36 +1518.62
+1152.20   +13.40   +33.35 +1518.64
+1153.10   +13.40   +33.35 +1518.65
+1153.90   +13.40   +33.35 +1518.66
+1154.70   +13.40   +33.35 +1518.68
+1155.60   +13.40   +33.35 +1518.69
+1156.40   +13.40   +33.35 +1518.70
+1157.20   +13.40   +33.35 +1518.72
+1158.10   +13.40   +33.35 +1518.73
+1158.90   +13.40   +33.35 +1518.74
+1159.80   +13.40   +33.35 +1518.76
+1160.60   +13.40   +33.35 +1518.77
+1161.40   +13.40   +33.35 +1518.78
+1162.30   +13.40   +33.35 +1518.80
+1163.10   +13.40   +33.35 +1518.81
+1163.90   +13.40   +33.35 +1518.82
+1164.80   +13.40   +33.35 +1518.84
+1165.60   +13.40   +33.35 +1518.85
+1166.40   +13.40   +33.35 +1518.86
+1167.30   +13.40   +33.35 +1518.88
+1168.10   +13.40   +33.35 +1518.89
+1168.90   +13.40   +33.35 +1518.90
+1169.80   +13.40   +33.35 +1518.92
+1170.60   +13.40   +33.35 +1518.93
+1171.40   +13.40   +33.35 +1518.94
+1172.30   +13.40   +33.35 +1518.96
+1173.10   +13.40   +33.35 +1518.97
+1173.90   +13.40   +33.35 +1518.99
+1174.80   +13.40   +33.35 +1519.00
+1175.60   +13.40   +33.35 +1519.01
+1176.40   +13.40   +33.35 +1519.03
+1177.30   +13.40   +33.35 +1519.04
+1178.10   +13.40   +33.35 +1519.05
+1178.90   +13.40   +33.34 +1519.07
+1179.70   +13.40   +33.34 +1519.08
+1180.60   +13.40   +33.34 +1519.09
+1181.40   +13.40   +33.34 +1519.11
+1182.20   +13.40   +33.34 +1519.12
+1183.10   +13.40   +33.34 +1519.13
+1183.90   +13.40   +33.34 +1519.15
+1184.70   +13.40   +33.34 +1519.16
+1185.60   +13.40   +33.34 +1519.17
+1186.40   +13.40   +33.34 +1519.19
+1187.20   +13.40   +33.34 +1519.20
+1188.00   +13.40   +33.34 +1519.21
+1188.90   +13.40   +33.34 +1519.23
+1189.70   +13.40   +33.34 +1519.24
+1190.50   +13.40   +33.34 +1519.25
+1191.40   +13.40   +33.34 +1519.27
+1192.20   +13.40   +33.34 +1519.28
+1193.00   +13.40   +33.34 +1519.29
+1193.80   +13.40   +33.34 +1519.31
+1194.70   +13.40   +33.34 +1519.32
+1195.50   +13.40   +33.34 +1519.33
+1196.30   +13.40   +33.34 +1519.35
+1197.20   +13.40   +33.34 +1519.36
+1198.00   +13.40   +33.34 +1519.37
+1198.80   +13.40   +33.34 +1519.39
+1199.60   +13.40   +33.34 +1519.40
+1200.50   +13.40   +33.34 +1519.41
+1201.30   +13.40   +33.34 +1519.43
+1202.10   +13.40   +33.34 +1519.44
+1202.90   +13.40   +33.34 +1519.45
+1203.80   +13.40   +33.34 +1519.47
+1204.60   +13.40   +33.34 +1519.48
+1205.40   +13.40   +33.34 +1519.49
+1206.20   +13.40   +33.33 +1519.51
+1207.10   +13.40   +33.33 +1519.52
+1207.90   +13.40   +33.33 +1519.53
+1208.70   +13.40   +33.33 +1519.55
+1209.50   +13.40   +33.33 +1519.56
+1210.40   +13.40   +33.33 +1519.57
+1211.20   +13.40   +33.33 +1519.59
+1212.00   +13.40   +33.33 +1519.60
+1212.80   +13.40   +33.33 +1519.61
+1213.60   +13.40   +33.33 +1519.63
+1214.50   +13.40   +33.33 +1519.64
+1215.30   +13.40   +33.33 +1519.65
+1216.10   +13.40   +33.33 +1519.67
+1216.90   +13.40   +33.33 +1519.68
+1217.80   +13.40   +33.33 +1519.69
+1218.60   +13.40   +33.33 +1519.71
+1219.40   +13.40   +33.33 +1519.72
+1220.20   +13.40   +33.33 +1519.73
+1221.00   +13.40   +33.33 +1519.75
+1221.90   +13.40   +33.33 +1519.76
+1222.70   +13.40   +33.33 +1519.77
+1223.50   +13.40   +33.33 +1519.79
+1224.30   +13.40   +33.33 +1519.80
+1225.20   +13.40   +33.33 +1519.81
+1226.00   +13.40   +33.33 +1519.83
+1226.80   +13.40   +33.33 +1519.84
+1227.60   +13.40   +33.33 +1519.85
+1228.40   +13.40   +33.33 +1519.87
+1229.30   +13.40   +33.33 +1519.88
+1230.10   +13.40   +33.33 +1519.89
+1230.90   +13.40   +33.33 +1519.91
+1231.70   +13.40   +33.33 +1519.92
+1232.50   +13.40   +33.32 +1519.93
+1233.30   +13.40   +33.32 +1519.95
+1234.20   +13.40   +33.32 +1519.96
+1235.00   +13.40   +33.32 +1519.97
+1235.80   +13.40   +33.32 +1519.98
+1236.60   +13.40   +33.32 +1520.00
+1237.40   +13.40   +33.32 +1520.01
+1238.30   +13.40   +33.32 +1520.02
+1239.10   +13.40   +33.32 +1520.04
+1239.90   +13.40   +33.32 +1520.05
+1240.70   +13.40   +33.32 +1520.06
+1241.50   +13.40   +33.32 +1520.08
+1242.30   +13.40   +33.32 +1520.09
+1243.20   +13.40   +33.32 +1520.10
+1244.00   +13.40   +33.32 +1520.12
+1244.80   +13.40   +33.32 +1520.13
+1245.60   +13.40   +33.32 +1520.14
+1246.40   +13.40   +33.32 +1520.16
+1247.20   +13.40   +33.32 +1520.17
+1248.10   +13.40   +33.32 +1520.18
+1248.90   +13.40   +33.32 +1520.20
+1249.70   +13.40   +33.32 +1520.21
+1250.50   +13.40   +33.32 +1520.22
+1251.30   +13.40   +33.32 +1520.24
+1252.10   +13.40   +33.32 +1520.25
+1252.90   +13.40   +33.32 +1520.26
+1253.80   +13.40   +33.32 +1520.27
+1254.60   +13.40   +33.32 +1520.29
+1255.40   +13.40   +33.32 +1520.30
+1256.20   +13.40   +33.32 +1520.31
+1257.00   +13.40   +33.32 +1520.33
+1257.80   +13.40   +33.32 +1520.34
+1258.60   +13.40   +33.32 +1520.35
+1259.50   +13.40   +33.31 +1520.37
+1260.30   +13.40   +33.31 +1520.38
+1261.10   +13.40   +33.31 +1520.39
+1261.90   +13.40   +33.31 +1520.41
+1262.70   +13.40   +33.31 +1520.42
+1263.50   +13.40   +33.31 +1520.43
+1264.30   +13.40   +33.31 +1520.45
+1265.10   +13.40   +33.31 +1520.46
+1266.00   +13.40   +33.31 +1520.47
+1266.80   +13.40   +33.31 +1520.48
+1267.60   +13.40   +33.31 +1520.50
+1268.40   +13.40   +33.31 +1520.51
+1269.20   +13.40   +33.31 +1520.52
+1270.00   +13.40   +33.31 +1520.54
+1270.80   +13.40   +33.31 +1520.55
+1271.60   +13.40   +33.31 +1520.56
+1272.40   +13.40   +33.31 +1520.58
+1273.30   +13.40   +33.31 +1520.59
+1274.10   +13.40   +33.31 +1520.60
+1274.90   +13.40   +33.31 +1520.62
+1275.70   +13.40   +33.31 +1520.63
+1276.50   +13.40   +33.31 +1520.64
+1277.30   +13.40   +33.31 +1520.66
+1278.10   +13.40   +33.31 +1520.67
+1278.90   +13.40   +33.31 +1520.68
+1279.70   +13.40   +33.31 +1520.69
+1280.50   +13.40   +33.31 +1520.71
+1281.40   +13.40   +33.31 +1520.72
+1282.20   +13.40   +33.31 +1520.73
+1283.00   +13.40   +33.31 +1520.75
+1283.80   +13.40   +33.31 +1520.76
+1284.60   +13.40   +33.31 +1520.77
+1285.40   +13.40   +33.31 +1520.79
+1286.20   +13.40   +33.31 +1520.80
+1287.00   +13.40   +33.30 +1520.81
+1287.80   +13.40   +33.30 +1520.83
+1288.60   +13.40   +33.30 +1520.84
+1289.40   +13.40   +33.30 +1520.85
+1290.20   +13.40   +33.30 +1520.86
+1291.00   +13.40   +33.30 +1520.88
+1291.90   +13.40   +33.30 +1520.89
+1292.70   +13.40   +33.30 +1520.90
+1293.50   +13.40   +33.30 +1520.92
+1294.30   +13.40   +33.30 +1520.93
+1295.10   +13.40   +33.30 +1520.94
+1295.90   +13.40   +33.30 +1520.96
+1296.70   +13.40   +33.30 +1520.97
+1297.50   +13.40   +33.30 +1520.98
+1298.30   +13.40   +33.30 +1520.99
+1299.10   +13.40   +33.30 +1521.01
+1299.90   +13.40   +33.30 +1521.02
+1300.70   +13.40   +33.30 +1521.03
+1301.50   +13.40   +33.30 +1521.05
+1302.30   +13.40   +33.30 +1521.06
+1303.10   +13.40   +33.30 +1521.07
+1303.90   +13.40   +33.30 +1521.09
+1304.70   +13.40   +33.30 +1521.10
+1305.50   +13.40   +33.30 +1521.11
+1306.30   +13.40   +33.30 +1521.12
+1307.10   +13.40   +33.30 +1521.14
+1307.90   +13.40   +33.30 +1521.15
+1308.70   +13.40   +33.30 +1521.16
+1309.60   +13.40   +33.30 +1521.18
+1310.40   +13.40   +33.30 +1521.19
+1311.20   +13.40   +33.30 +1521.20
+1312.00   +13.40   +33.30 +1521.22
+1312.80   +13.40   +33.30 +1521.23
+1313.60   +13.40   +33.29 +1521.24
+1314.40   +13.40   +33.29 +1521.25
+1315.20   +13.40   +33.29 +1521.27
+1316.00   +13.40   +33.29 +1521.28
+1316.80   +13.40   +33.29 +1521.29
+1317.60   +13.40   +33.29 +1521.31
+1318.40   +13.40   +33.29 +1521.32
+1319.20   +13.40   +33.29 +1521.33
+1320.00   +13.40   +33.29 +1521.34
+1320.80   +13.40   +33.29 +1521.36
+1321.60   +13.40   +33.29 +1521.37
+1322.40   +13.40   +33.29 +1521.38
+1323.20   +13.40   +33.29 +1521.40
+1324.00   +13.40   +33.29 +1521.41
+1324.80   +13.40   +33.29 +1521.42
+1325.60   +13.40   +33.29 +1521.44
+1326.40   +13.40   +33.29 +1521.45
+1327.20   +13.40   +33.29 +1521.46
+1328.00   +13.40   +33.29 +1521.47
+1328.80   +13.40   +33.29 +1521.49
+1329.60   +13.40   +33.29 +1521.50
+1330.40   +13.40   +33.29 +1521.51
+1331.20   +13.40   +33.29 +1521.53
+1332.00   +13.40   +33.29 +1521.54
+1332.80   +13.40   +33.29 +1521.55
+1333.60   +13.40   +33.29 +1521.56
+1334.40   +13.40   +33.29 +1521.58
+1335.20   +13.40   +33.29 +1521.59
+1336.00   +13.40   +33.29 +1521.60
+1336.80   +13.40   +33.29 +1521.62
+1337.60   +13.40   +33.29 +1521.63
+1338.40   +13.40   +33.29 +1521.64
+1339.20   +13.40   +33.29 +1521.65
+1340.00   +13.40   +33.29 +1521.67
+1340.70   +13.40   +33.28 +1521.68
+1341.50   +13.40   +33.28 +1521.69
+1342.30   +13.40   +33.28 +1521.71
+1343.10   +13.40   +33.28 +1521.72
+1343.90   +13.40   +33.28 +1521.73
+1344.70   +13.40   +33.28 +1521.74
+1345.50   +13.40   +33.28 +1521.76
+1346.30   +13.40   +33.28 +1521.77
+1347.10   +13.40   +33.28 +1521.78
+1347.90   +13.40   +33.28 +1521.80
+1348.70   +13.40   +33.28 +1521.81
+1349.50   +13.40   +33.28 +1521.82
+1350.30   +13.40   +33.28 +1521.84
+1351.10   +13.40   +33.28 +1521.85
+1351.90   +13.40   +33.28 +1521.86
+1352.70   +13.40   +33.28 +1521.87
+1353.50   +13.40   +33.28 +1521.89
+1354.30   +13.40   +33.28 +1521.90
+1355.10   +13.40   +33.28 +1521.91
+1355.90   +13.40   +33.28 +1521.92
+1356.70   +13.40   +33.28 +1521.94
+1357.40   +13.40   +33.28 +1521.95
+1358.20   +13.40   +33.28 +1521.96
+1359.00   +13.40   +33.28 +1521.98
+1359.80   +13.40   +33.28 +1521.99
+1360.60   +13.40   +33.28 +1522.00
+1361.40   +13.40   +33.28 +1522.01
+1362.20   +13.40   +33.28 +1522.03
+1363.00   +13.40   +33.28 +1522.04
+1363.80   +13.40   +33.28 +1522.05
+1364.60   +13.40   +33.28 +1522.07
+1365.40   +13.40   +33.28 +1522.08
+1366.20   +13.40   +33.28 +1522.09
+1367.00   +13.40   +33.28 +1522.10
+1367.80   +13.40   +33.28 +1522.12
+1368.50   +13.40   +33.27 +1522.13
+1369.30   +13.40   +33.27 +1522.14
+1370.10   +13.40   +33.27 +1522.16
+1370.90   +13.40   +33.27 +1522.17
+1371.70   +13.40   +33.27 +1522.18
+1372.50   +13.40   +33.27 +1522.19
+1373.30   +13.40   +33.27 +1522.21
+1374.10   +13.40   +33.27 +1522.22
+1374.90   +13.40   +33.27 +1522.23
+1375.70   +13.40   +33.27 +1522.25
+1376.50   +13.40   +33.27 +1522.26
+1377.20   +13.40   +33.27 +1522.27
+1378.00   +13.40   +33.27 +1522.28
+1378.80   +13.40   +33.27 +1522.30
+1379.60   +13.40   +33.27 +1522.31
+1380.40   +13.40   +33.27 +1522.32
+1381.20   +13.40   +33.27 +1522.33
+1382.00   +13.40   +33.27 +1522.35
+1382.80   +13.40   +33.27 +1522.36
+1383.60   +13.40   +33.27 +1522.37
+1384.40   +13.40   +33.27 +1522.39
+1385.10   +13.40   +33.27 +1522.40
+1385.90   +13.40   +33.27 +1522.41
+1386.70   +13.40   +33.27 +1522.42
+1387.50   +13.40   +33.27 +1522.44
+1388.30   +13.40   +33.27 +1522.45
+1389.10   +13.40   +33.27 +1522.46
+1389.90   +13.40   +33.27 +1522.47
+1390.70   +13.40   +33.27 +1522.49
+1391.40   +13.40   +33.27 +1522.50
+1392.20   +13.40   +33.27 +1522.51
+1393.00   +13.40   +33.27 +1522.53
+1393.80   +13.40   +33.27 +1522.54
+1394.60   +13.40   +33.27 +1522.55
+1395.40   +13.40   +33.26 +1522.56
+1396.20   +13.40   +33.26 +1522.58
+1397.00   +13.40   +33.26 +1522.59
+1397.70   +13.40   +33.26 +1522.60
+1398.50   +13.40   +33.26 +1522.61
+1399.30   +13.40   +33.26 +1522.63
+1400.10   +13.40   +33.26 +1522.64
+1400.90   +13.40   +33.26 +1522.65
+1401.70   +13.40   +33.26 +1522.67
+1402.50   +13.40   +33.26 +1522.68
+1403.20   +13.40   +33.26 +1522.69
+1404.00   +13.40   +33.26 +1522.70
+1404.80   +13.40   +33.26 +1522.72
+1405.60   +13.40   +33.26 +1522.73
+1406.40   +13.40   +33.26 +1522.74
+1407.20   +13.40   +33.26 +1522.75
+1408.00   +13.40   +33.26 +1522.77
+1408.70   +13.40   +33.26 +1522.78
+1409.50   +13.40   +33.26 +1522.79
+1410.30   +13.40   +33.26 +1522.81
+1411.10   +13.40   +33.26 +1522.82
+1411.90   +13.40   +33.26 +1522.83
+1412.70   +13.40   +33.26 +1522.84
+1413.40   +13.40   +33.26 +1522.86
+1414.20   +13.40   +33.26 +1522.87
+1415.00   +13.40   +33.26 +1522.88
+1415.80   +13.40   +33.26 +1522.89
+1416.60   +13.40   +33.26 +1522.91
+1417.40   +13.40   +33.26 +1522.92
+1418.10   +13.40   +33.26 +1522.93
+1418.90   +13.40   +33.26 +1522.94
+1419.70   +13.40   +33.26 +1522.96
+1420.50   +13.40   +33.26 +1522.97
+1421.30   +13.40   +33.26 +1522.98
+1422.10   +13.40   +33.26 +1523.00
+1422.80   +13.40   +33.25 +1523.01
+1423.60   +13.40   +33.25 +1523.02
+1424.40   +13.40   +33.25 +1523.03
+1425.20   +13.40   +33.25 +1523.05
+1426.00   +13.40   +33.25 +1523.06
+1426.80   +13.40   +33.25 +1523.07
+1427.50   +13.40   +33.25 +1523.08
+1428.30   +13.40   +33.25 +1523.10
+1429.10   +13.40   +33.25 +1523.11
+1429.90   +13.40   +33.25 +1523.12
+1430.70   +13.40   +33.25 +1523.13
+1431.40   +13.40   +33.25 +1523.15
+1432.20   +13.40   +33.25 +1523.16
+1433.00   +13.40   +33.25 +1523.17
+1433.80   +13.40   +33.25 +1523.19
+1434.60   +13.40   +33.25 +1523.20
+1435.30   +13.40   +33.25 +1523.21
+1436.10   +13.40   +33.25 +1523.22
+1436.90   +13.40   +33.25 +1523.24
+1437.70   +13.40   +33.25 +1523.25
+1438.50   +13.40   +33.25 +1523.26
+1439.20   +13.40   +33.25 +1523.27
+1440.00   +13.40   +33.25 +1523.29
+1440.80   +13.40   +33.25 +1523.30
+1441.60   +13.40   +33.25 +1523.31
+1442.40   +13.40   +33.25 +1523.32
+1443.10   +13.40   +33.25 +1523.34
+1443.90   +13.40   +33.25 +1523.35
+1444.70   +13.40   +33.25 +1523.36
+1445.50   +13.40   +33.25 +1523.37
+1446.30   +13.40   +33.25 +1523.39
+1447.00   +13.40   +33.25 +1523.40
+1447.80   +13.40   +33.25 +1523.41
+1448.60   +13.40   +33.25 +1523.42
+1449.40   +13.40   +33.25 +1523.44
+1450.10   +13.40   +33.24 +1523.45
+1450.90   +13.40   +33.24 +1523.46
+1451.70   +13.40   +33.24 +1523.47
+1452.50   +13.40   +33.24 +1523.49
+1453.30   +13.40   +33.24 +1523.50
+1454.00   +13.40   +33.24 +1523.51
+1454.80   +13.40   +33.24 +1523.53
+1455.60   +13.40   +33.24 +1523.54
+1456.40   +13.40   +33.24 +1523.55
+1457.10   +13.40   +33.24 +1523.56
+1457.90   +13.40   +33.24 +1523.58
+1458.70   +13.40   +33.24 +1523.59
+1459.50   +13.40   +33.24 +1523.60
+1460.20   +13.40   +33.24 +1523.61
+1461.00   +13.40   +33.24 +1523.63
+1461.80   +13.40   +33.24 +1523.64
+1462.60   +13.40   +33.24 +1523.65
+1463.30   +13.40   +33.24 +1523.66
+1464.10   +13.40   +33.24 +1523.68
+1464.90   +13.40   +33.24 +1523.69
+1465.70   +13.40   +33.24 +1523.70
+1466.40   +13.40   +33.24 +1523.71
+1467.20   +13.40   +33.24 +1523.73
+1468.00   +13.40   +33.24 +1523.74
+1468.80   +13.40   +33.24 +1523.75
+1469.50   +13.40   +33.24 +1523.76
+1470.30   +13.40   +33.24 +1523.78
+1471.10   +13.40   +33.24 +1523.79
+1471.90   +13.40   +33.24 +1523.80
+1472.60   +13.40   +33.24 +1523.81
+1473.40   +13.40   +33.24 +1523.83
+1474.20   +13.40   +33.24 +1523.84
+1475.00   +13.40   +33.24 +1523.85
+1475.70   +13.40   +33.24 +1523.86
+1476.50   +13.40   +33.24 +1523.88
+1477.30   +13.40   +33.24 +1523.89
+1478.10   +13.40   +33.23 +1523.90
+1478.80   +13.40   +33.23 +1523.91
+1479.60   +13.40   +33.23 +1523.93
+1480.40   +13.40   +33.23 +1523.94
+1481.20   +13.40   +33.23 +1523.95
+1481.90   +13.40   +33.23 +1523.96
+1482.70   +13.40   +33.23 +1523.98
+1483.50   +13.40   +33.23 +1523.99
+1484.20   +13.40   +33.23 +1524.00
+1485.00   +13.40   +33.23 +1524.01
+1485.80   +13.40   +33.23 +1524.03
+1486.60   +13.40   +33.23 +1524.04
+1487.30   +13.40   +33.23 +1524.05
+1488.10   +13.40   +33.23 +1524.06
+1488.90   +13.40   +33.23 +1524.08
+1489.70   +13.40   +33.23 +1524.09
+1490.40   +13.40   +33.23 +1524.10
+1491.20   +13.40   +33.23 +1524.11
+1492.00   +13.40   +33.23 +1524.13
+1492.70   +13.40   +33.23 +1524.14
+1493.50   +13.40   +33.23 +1524.15
+1494.30   +13.40   +33.23 +1524.16
+1495.10   +13.40   +33.23 +1524.18
+1495.80   +13.40   +33.23 +1524.19
+1496.60   +13.40   +33.23 +1524.20
+1497.40   +13.40   +33.23 +1524.21
+1498.10   +13.40   +33.23 +1524.23
+1498.90   +13.40   +33.23 +1524.24
+1499.70   +13.40   +33.23 +1524.25
+1500.40   +13.40   +33.23 +1524.26
+1501.20   +13.40   +33.23 +1524.28
+1502.00   +13.40   +33.23 +1524.29
+1502.80   +13.40   +33.23 +1524.30
+1503.50   +13.40   +33.23 +1524.31
+1504.30   +13.40   +33.23 +1524.33
+1505.10   +13.40   +33.23 +1524.34
+1505.80   +13.40   +33.22 +1524.35
+1506.60   +13.40   +33.22 +1524.36
+1507.40   +13.40   +33.22 +1524.38
+1508.10   +13.40   +33.22 +1524.39
+1508.90   +13.40   +33.22 +1524.40
+1509.70   +13.40   +33.22 +1524.41
+1510.50   +13.40   +33.22 +1524.43
+1511.20   +13.40   +33.22 +1524.44
+1512.00   +13.40   +33.22 +1524.45
+1512.80   +13.40   +33.22 +1524.46
+1513.50   +13.40   +33.22 +1524.48
+1514.30   +13.40   +33.22 +1524.49
+1515.10   +13.40   +33.22 +1524.50
+1515.80   +13.40   +33.22 +1524.51
+1516.60   +13.40   +33.22 +1524.53
+1517.40   +13.40   +33.22 +1524.54
+1518.10   +13.40   +33.22 +1524.55
+1518.90   +13.40   +33.22 +1524.56
+1519.70   +13.40   +33.22 +1524.57
+1520.40   +13.40   +33.22 +1524.59
+1521.20   +13.40   +33.22 +1524.60
