# x y
 -3.9694 -107.7600
 -3.9378 -113.6240
 -3.8132 -92.4489
 -3.5756 -81.8705
 -3.4537 -63.5435
 -3.3956 -65.1042
 -3.3515 -61.3552
 -3.2744 -59.8282
 -3.1551 -43.6328
 -3.1389 -44.3788
 -3.1116 -40.2914
 -3.1064 -37.6298
 -3.0281 -27.7661
 -2.6919 -23.1679
 -2.6224 -27.1770
 -2.3475 -10.2621
 -2.2705 -11.3306
 -2.0311  +0.4116
 -1.9950  +0.3229
 -1.9430  +5.1660
 -1.9370  +7.3320
 -1.8048  -2.0099
 -1.6904  +2.4890
 -1.5510  +3.3005
 -1.4923 +14.7243
 -1.3370 +13.5476
 -1.2134 +15.1736
 -1.2060  +6.8917
 -1.1473  +4.9300
 -1.0944 +11.2877
 -1.0770  +4.1867
 -1.0657  +9.6649
 -0.9299  -1.3264
 -0.8103  +9.8967
 -0.7600  +6.0517
 -0.4529  +3.2776
 -0.4442  +7.8632
 -0.4188  +0.9164
 -0.3722  +5.6180
 -0.3567 +11.7443
 -0.3566  +3.9788
 -0.3257  +0.8237
 -0.2669  +5.2419
 -0.2415  +2.0511
 -0.1918  -1.9903
 -0.1142  -9.9406
 -0.1140  +0.3147
 -0.0006  +1.9531
 +0.0824  +1.7242
 +0.2911  -1.0481
 +0.2934  -6.0706
 +0.3500  +6.4076
 +0.4974  -8.5423
 +0.5669  -2.3291
 +0.5743  -9.6420
 +0.6491  -7.7103
 +0.7043  -4.7300
 +0.8939 -11.7069
 +0.9350 -11.7316
 +0.9433  -2.5845
 +1.0244 -13.1098
 +1.2029  -7.1792
 +1.2294  -7.0015
 +1.2964 -10.7241
 +1.5046 -11.7447
 +1.5123 -19.5488
 +1.5327 -15.1532
 +1.5479  -4.8106
 +1.5873 -20.8757
 +1.5895  -1.4134
 +1.6027 -12.8824
 +1.8218 -13.4533
 +1.8338 -12.0464
 +1.9041 -16.3474
 +1.9226 -17.1192
 +1.9901 -11.5478
 +2.1547 -21.5556
 +2.1920 -20.0604
 +2.2700 -16.4557
 +2.3412 -18.8615
 +2.3704 -12.0991
 +2.4473 -13.4139
 +2.4638 -10.0182
 +2.4800  -2.9200
 +2.5906  -2.3708
 +2.7850  +8.1611
 +2.7903  -7.2124
 +2.8122  -5.8952
 +2.8496 -12.0756
 +2.9355  -6.1284
 +2.9882  -0.6062
 +3.0180  +9.3750
 +3.0674  +3.7487
 +3.0923  +1.9458
 +3.1267 +10.1649
 +3.1544  +5.7509
 +3.2992 +10.4291
 +3.8565 +36.4916
 +3.8931 +43.3582
 +3.9220 +42.9975
