# theta x y
 -2.2822  +3.3724  -7.0866
 -1.6017  +7.7800  +3.3041
 +0.2004  -0.1283  +2.7853
 +3.0700  +0.4872 -14.7259
 -1.4010  +7.5681  +6.2436
 +2.8219  -0.2082 -12.7037
 -6.7310  +1.1284  +5.2005
 -5.8193  -0.5256  +5.7026
 -0.5845  +0.0945  +8.3607
 -3.2123  -0.7492 -14.4787
 +2.5171  -1.8897 -10.3527
 +2.0821  -5.6135  -4.2791
 +1.6852  -7.8481  +2.4162
 +0.3663  -1.1356  +5.0110
 +1.1544  -6.3020  +9.4274
 -0.3723  +0.6321  +4.6278
 +0.3274  -1.2671  +4.2743
 -6.4599  -0.2939  +2.5631
 +4.8567  +8.4581  +4.8874
 -7.1450  +3.3914  +9.7056
 -2.5881  +1.4244 -10.5162
 -4.0244  -3.5717  -6.7035
 +2.7460  -0.6129 -11.9693
 +0.1737  -0.4637  +2.7791
 -0.8389  +3.3823 +10.0835
 -2.3305  +2.5046  -6.5301
 +5.8933  +0.5781  +4.6415
 +1.2078  -6.8061  +9.1842
 +3.9625  +3.0076  -7.5808
 +3.3083  -0.2016 -13.1654
 +2.3051  -2.9239  -6.4698
 +2.5914  -1.1658 -10.1206
 +7.0984  -3.0664  +9.6677
 -4.1879  -4.9044  -4.4249
 -0.3905  +0.2740  +4.7795
 +2.6245  -1.1116 -11.7266
 -5.6535  -1.4948  +8.6985
 -1.8502  +6.9713  +0.4246
 +1.4164  -7.2012  +6.5663
 +4.3199  +6.3977  -2.0963
 +3.5185  +0.1805 -12.2696
 +5.2648  +5.0781  +9.9606
 +3.2658  -0.2337 -14.1398
 +0.1099  +0.6670  +2.5549
 -4.2587  -5.8362  -2.0841
 -1.4565  +7.2816  +6.9209
 -3.0964  -0.3743 -14.4545
 +0.3705  -0.9839  +4.0420
 -3.0672  -0.3762 -14.3135
 -3.1720  -0.1742 -14.0264
 -2.3871  +2.6498  -7.8785
 +0.4860  -0.7166  +6.0421
 -3.7422  -0.6436  -9.0822
 +1.7332  -7.2468  +1.8205
 -3.7375  -2.0652 -10.2282
 +2.7878  -0.3906 -12.3371
 +3.3394  -0.1460 -13.5638
 +0.9432  -4.1550  +9.6195
 -3.0103  +0.1241 -13.7459
 +3.5572  +0.3356 -11.9450
 -4.1070  -4.5401  -5.1105
 -0.5001  +1.8935  +6.1810
 +2.1259  -5.2610  -4.5949
 +0.2603  -0.2972  +3.7896
 +1.3332  -7.9192  +7.7330
 +0.3340  +0.2167  +4.1295
 +5.2843  +4.9274  +9.9615
 +0.6861  -2.9824  +8.8217
 +1.5738  -7.3683  +3.6131
 +1.9114  -7.0203  -0.7472
 +1.1682  -6.7218  +8.9517
 +0.1973  -0.6206  +3.4295
 +1.8987  -6.2373  -1.7600
 +1.8669  -6.9175  -0.3538
 +7.5099  -6.9286  +7.3755
 -3.7164  -1.2375 -10.2776
 +3.0356  -0.4377 -13.8838
 +1.2843  -6.6716  +8.3019
 +0.1659  +0.0509  +3.1454
 +0.1314  +0.4792  +2.1070
 +1.8928  -6.4950  -0.5505
 -8.9028  +0.7283 -10.7273
 -1.6240  +7.6762  +2.6594
 +1.8329  -7.3882  +0.8377
 -2.2026  +4.1956  -5.1038
 +1.1814  -5.6224  +9.4685
 -0.8036  +2.7166  +8.9524
 +2.2819  -3.4774  -6.3798
 +3.7418  +1.8806  -9.4283
 +0.7640  -1.0210  +9.4101
 -4.0496  -4.3530  -6.2674
 -0.4959  +0.7611  +6.0670
 +5.0570  +6.2074 +10.0067
 -4.3950  -6.4890  -1.5101
 -1.6949  +7.7153  +2.2700
 -1.5434  +7.5129  +4.7914
 -4.5201  -7.5643  +1.1281
 -6.2432  +0.1078  +1.9775
 -3.0213  +0.2250 -13.3782
 -2.5766  +0.9325  -9.4369
