# x y
-19.7555 +148.5949
-18.0818 -39.8264
-16.5690 -34.6973
-16.2009 -37.3492
-15.5825 -33.5522
-15.4156 -39.8401
-15.1449 -35.4565
-14.8580 -34.9248
-14.6378 -29.4324
-14.1323 -30.2293
-13.2478 -25.7759
-12.1847 -29.3786
-11.8227 -23.3176
-10.8013 -26.1015
 -5.7420 -16.8080
 -4.6432 -15.1118
 -3.9024  -7.9524
 -1.6300  -6.0059
 +1.8602  -1.2778
 +3.9524  +4.6374
 +3.9887  +1.8988
 +4.7362 +11.6463
 +5.2640  -1.0395
 +5.9172  +8.2952
 +7.0892  +7.0560
+10.0040 +14.7841
+11.8846 +17.6156
+14.0627 +29.2046
+15.1940 +26.9964
+16.4614 +28.5924
+17.5827 +28.7346
+18.5227 +37.1487
+19.0501 +33.5228
+19.6461 +36.0373
+19.8518 +33.0825
