# x[m] y [m] z[m]
+12.116127 +23.438826 +1.341397
+12.129866 +23.438310 +1.339194
+12.115879 +23.440678 +1.341110
+12.109441 +23.441611 +1.336738
+12.118331 +23.443645 +1.334151
+12.103822 +23.441322 +1.335871
+12.117702 +23.445912 +1.338128
+12.125337 +23.445106 +1.337407
+12.102490 +23.450452 +1.332689
+12.116672 +23.446705 +1.334630
+12.127335 +23.452763 +1.333338
+12.135858 +23.442610 +1.334580
+12.107056 +23.448395 +1.330123
+12.119155 +23.448459 +1.334688
+12.130509 +23.448696 +1.332635
+12.140685 +23.445184 +1.330540
+12.104560 +23.449369 +1.328600
+12.120810 +23.455225 +1.330417
+12.131523 +23.454417 +1.330715
+12.138930 +23.444523 +1.330229
+12.101984 +23.453701 +1.330039
+12.118130 +23.456773 +1.328680
+12.126374 +23.457247 +1.334594
+12.136642 +23.448547 +1.328216
+12.095255 +23.450614 +1.329542
+12.110888 +23.454500 +1.324699
+12.114963 +23.459844 +1.330987
+12.133881 +23.452994 +1.326906
+12.144904 +23.448317 +1.329699
+12.091081 +23.449964 +1.329719
+12.104016 +23.456628 +1.327201
+12.114690 +23.458457 +1.325774
+12.128831 +23.459615 +1.329582
+12.142198 +23.453509 +1.327818
+12.150054 +23.444223 +1.330582
+12.099193 +23.457857 +1.327270
+12.111793 +23.460271 +1.326051
+12.125049 +23.459930 +1.328556
+12.134201 +23.458042 +1.322444
+12.145547 +23.451926 +1.325444
+12.097221 +23.452088 +1.324044
+12.108444 +23.460634 +1.324696
+12.121056 +23.459287 +1.326469
+12.131207 +23.457717 +1.326485
+12.146048 +23.457831 +1.326170
+12.086015 +23.451830 +1.322401
+12.096512 +23.458145 +1.324994
+12.109417 +23.463804 +1.324450
+12.125216 +23.459103 +1.326226
+12.133964 +23.457556 +1.323288
+12.143920 +23.453831 +1.325265
+12.161445 +23.447390 +1.323016
+12.098880 +23.456913 +1.323879
+12.109747 +23.459858 +1.321922
+12.120408 +23.463810 +1.321155
+12.130627 +23.459175 +1.319878
+12.142725 +23.455701 +1.324949
+12.159417 +23.448209 +1.322322
+12.096509 +23.457045 +1.318840
+12.105259 +23.465227 +1.319470
+12.117784 +23.461762 +1.319020
+12.130862 +23.467089 +1.318285
+12.141007 +23.458330 +1.323260
+12.155452 +23.456554 +1.317561
+12.087264 +23.451937 +1.319850
+12.099943 +23.461432 +1.318277
+12.111994 +23.466267 +1.319411
+12.118767 +23.466215 +1.317198
+12.134600 +23.461471 +1.321102
+12.143569 +23.459067 +1.319653
+12.156047 +23.454546 +1.320145
+12.090831 +23.459065 +1.318110
+12.105214 +23.466109 +1.315593
+12.114525 +23.466478 +1.319836
+12.126472 +23.466790 +1.315115
+12.143461 +23.465283 +1.318802
+12.148745 +23.457803 +1.321577
+12.080798 +23.454162 +1.315931
+12.095576 +23.458219 +1.318309
+12.109458 +23.465298 +1.319667
+12.114715 +23.472191 +1.319139
+12.130671 +23.470262 +1.320324
+12.140815 +23.463874 +1.314357
+12.153391 +23.458632 +1.317906
+12.084529 +23.458269 +1.318962
+12.100395 +23.463639 +1.315520
+12.110164 +23.466437 +1.316346
+12.119157 +23.469404 +1.316568
+12.134851 +23.468880 +1.315729
+12.140809 +23.462254 +1.316877
+12.156239 +23.457418 +1.318994
+12.084675 +23.458682 +1.314222
+12.098834 +23.466446 +1.314804
+12.111579 +23.470966 +1.313286
+12.120748 +23.467680 +1.316497
+12.132306 +23.464752 +1.311990
+12.144035 +23.465282 +1.315577
+12.159029 +23.459482 +1.315702
+12.080865 +23.451321 +1.310581
+12.092542 +23.465122 +1.310546
+12.105302 +23.470195 +1.316049
+12.118924 +23.473886 +1.312881
+12.128332 +23.471735 +1.309804
+12.139936 +23.468775 +1.312523
+12.150683 +23.462001 +1.310099
+12.161932 +23.452786 +1.314428
+12.081478 +23.460601 +1.311165
+12.096668 +23.467639 +1.307717
+12.106900 +23.467573 +1.311345
+12.119190 +23.472169 +1.311369
+12.128365 +23.471318 +1.309413
+12.144411 +23.465214 +1.312334
+12.156860 +23.457635 +1.311132
+12.165812 +23.449583 +1.312853
+12.087517 +23.464310 +1.312098
+12.101826 +23.467613 +1.306146
+12.110957 +23.471847 +1.311097
+12.125023 +23.477182 +1.309670
+12.139453 +23.469142 +1.314060
+12.147500 +23.466329 +1.307658
+12.157900 +23.458174 +1.305291
+12.076729 +23.455831 +1.309540
+12.091735 +23.466390 +1.312415
+12.099953 +23.472562 +1.308671
+12.113872 +23.473928 +1.310623
+12.125357 +23.474505 +1.312813
+12.137335 +23.471964 +1.306785
+12.154878 +23.467559 +1.314635
+12.166144 +23.458905 +1.308983
+12.082099 +23.461986 +1.307115
+12.095139 +23.468475 +1.306687
+12.105699 +23.472354 +1.305045
+12.117086 +23.480309 +1.303126
+12.126971 +23.468913 +1.307943
+12.142160 +23.473960 +1.309096
+12.152982 +23.464073 +1.311110
+12.162590 +23.458977 +1.310074
+12.080153 +23.463155 +1.305087
+12.090124 +23.470814 +1.306769
+12.106611 +23.473682 +1.305926
+12.117363 +23.475068 +1.305935
+12.127155 +23.473831 +1.305831
+12.144765 +23.473278 +1.303327
+12.152552 +23.465489 +1.304822
+12.166490 +23.458208 +1.304495
+12.089170 +23.471236 +1.305286
+12.096853 +23.471328 +1.304122
+12.110349 +23.471054 +1.306635
+12.122495 +23.472792 +1.309072
+12.134131 +23.473617 +1.306430
+12.143418 +23.469468 +1.303831
+12.160266 +23.463651 +1.302785
+12.078673 +23.464301 +1.304789
+12.088151 +23.471497 +1.305052
+12.100321 +23.475505 +1.304485
+12.110124 +23.476111 +1.299521
+12.128549 +23.477709 +1.301860
+12.138943 +23.477248 +1.304654
+12.148873 +23.471313 +1.305227
+12.159124 +23.465377 +1.304494
+12.079069 +23.466925 +1.303440
+12.090501 +23.471356 +1.300901
+12.101298 +23.472885 +1.304131
+12.112121 +23.478420 +1.300024
+12.127382 +23.473733 +1.302639
+12.136643 +23.477574 +1.303951
+12.150843 +23.470459 +1.299209
+12.158319 +23.463489 +1.303416
+12.081362 +23.467496 +1.304847
+12.093775 +23.471966 +1.302699
+12.107234 +23.478720 +1.301192
+12.113774 +23.477568 +1.301223
+12.127751 +23.479463 +1.301696
+12.141605 +23.476675 +1.298594
+12.151556 +23.474341 +1.299179
+12.167343 +23.458309 +1.303149
+12.084974 +23.463872 +1.300063
+12.092781 +23.478576 +1.304346
+12.103129 +23.476945 +1.295745
+12.118810 +23.479795 +1.297320
+12.129300 +23.479750 +1.302264
+12.141189 +23.476292 +1.299229
+12.153463 +23.470361 +1.300640
+12.165938 +23.462160 +1.302418
+12.080676 +23.466773 +1.298079
+12.094183 +23.473839 +1.301468
+12.104191 +23.480995 +1.300306
+12.117540 +23.481471 +1.295860
+12.129637 +23.478860 +1.296676
+12.142148 +23.477031 +1.298173
+12.154808 +23.467753 +1.298660
+12.166153 +23.461967 +1.297958
+12.082251 +23.463943 +1.294939
+12.094553 +23.475805 +1.295969
+12.106140 +23.480721 +1.295769
+12.116754 +23.480191 +1.295719
+12.130486 +23.480100 +1.294124
+12.140765 +23.474618 +1.298417
+12.152418 +23.473378 +1.299444
+12.163289 +23.463042 +1.297655
+12.078836 +23.469685 +1.295494
+12.092800 +23.473968 +1.296985
+12.107108 +23.474372 +1.297559
+12.110363 +23.477965 +1.297300
+12.127946 +23.480155 +1.290018
+12.136388 +23.481218 +1.294816
+12.151707 +23.472432 +1.296964
+12.165113 +23.465084 +1.291980
+12.078049 +23.466619 +1.294820
+12.092879 +23.471820 +1.293191
+12.101532 +23.483494 +1.295613
+12.116058 +23.479697 +1.294491
+12.123884 +23.480945 +1.293754
+12.140753 +23.476671 +1.296636
+12.150771 +23.471997 +1.294254
+12.160493 +23.466743 +1.295512
+12.075657 +23.468195 +1.289320
+12.088843 +23.470149 +1.291981
+12.097105 +23.475915 +1.294520
+12.111157 +23.479862 +1.294863
+12.123664 +23.479107 +1.293138
+12.140093 +23.478691 +1.292332
+12.146299 +23.474718 +1.291484
+12.159068 +23.470382 +1.294212
+12.071188 +23.462885 +1.290265
+12.083044 +23.473215 +1.290840
+12.097158 +23.475243 +1.293494
+12.109731 +23.482909 +1.292217
+12.121074 +23.480018 +1.292947
+12.131351 +23.482523 +1.290750
+12.145449 +23.475144 +1.291687
+12.154570 +23.470434 +1.291005
+12.164370 +23.465289 +1.294778
+12.079787 +23.468610 +1.292833
+12.093293 +23.476622 +1.287629
+12.099785 +23.477514 +1.289947
+12.113255 +23.480712 +1.292022
+12.128058 +23.480465 +1.294253
+12.139420 +23.477315 +1.291441
+12.151476 +23.471100 +1.291528
+12.158921 +23.466989 +1.292409
+12.073810 +23.463566 +1.286656
+12.083832 +23.473517 +1.291349
+12.095207 +23.480635 +1.287476
+12.112176 +23.481105 +1.287607
+12.124326 +23.482608 +1.287731
+12.134861 +23.481614 +1.286981
+12.145785 +23.478393 +1.288874
+12.154209 +23.473907 +1.287782
+12.168200 +23.463403 +1.290187
+12.077277 +23.471547 +1.287775
+12.089066 +23.478096 +1.287928
+12.105216 +23.478579 +1.289294
+12.117613 +23.480979 +1.287319
+12.124640 +23.485034 +1.289355
+12.138176 +23.483009 +1.286570
+12.148413 +23.476436 +1.290421
+12.163375 +23.472763 +1.289351
+12.074154 +23.466869 +1.287757
+12.083319 +23.472774 +1.288345
+12.097785 +23.476365 +1.286523
+12.109707 +23.481104 +1.282545
+12.116068 +23.482898 +1.286968
+12.130159 +23.482651 +1.289117
+12.142385 +23.480795 +1.286809
+12.151747 +23.479862 +1.286895
+12.164129 +23.464596 +1.281642
+12.072319 +23.470953 +1.286640
+12.090101 +23.477115 +1.285402
+12.097215 +23.481472 +1.284731
+12.109733 +23.481710 +1.286988
+12.123840 +23.481887 +1.287810
+12.132996 +23.481338 +1.284775
+12.144878 +23.478668 +1.287992
+12.157206 +23.471126 +1.281763
+12.171477 +23.464728 +1.280328
+12.076050 +23.470678 +1.281652
+12.092025 +23.475447 +1.284726
+12.103257 +23.483679 +1.280878
+12.115428 +23.478663 +1.285119
+12.125384 +23.481284 +1.282667
+12.138931 +23.478263 +1.285571
+12.148152 +23.476759 +1.283083
+12.157783 +23.471733 +1.284278
+12.066914 +23.462705 +1.287187
+12.082103 +23.476967 +1.283048
+12.091701 +23.479158 +1.281437
+12.102691 +23.482820 +1.284699
+12.119203 +23.485965 +1.282862
+12.129819 +23.483711 +1.283122
+12.140995 +23.481291 +1.281133
+12.152382 +23.473791 +1.283120
+12.161121 +23.469146 +1.283224
+12.075465 +23.467509 +1.280201
+12.084917 +23.474940 +1.278844
+12.098756 +23.481105 +1.278071
+12.106511 +23.483289 +1.282724
+12.120541 +23.487244 +1.282285
+12.133783 +23.481117 +1.281913
+12.145064 +23.478791 +1.279266
+12.157297 +23.470383 +1.284113
+12.169327 +23.463354 +1.284190
+12.076392 +23.469150 +1.277834
+12.089505 +23.481719 +1.280725
+12.101332 +23.481616 +1.283089
+12.112502 +23.484863 +1.280574
+12.119345 +23.486450 +1.275158
+12.137083 +23.480058 +1.280395
+12.148576 +23.476660 +1.281690
+12.158688 +23.472851 +1.280215
+12.065750 +23.461932 +1.275220
+12.077319 +23.470581 +1.277307
+12.091939 +23.482302 +1.280997
+12.102412 +23.483645 +1.275470
+12.117593 +23.488897 +1.280787
+12.127451 +23.485459 +1.279856
+12.138925 +23.477076 +1.278389
+12.149793 +23.478155 +1.278026
+12.158733 +23.472690 +1.277446
+12.066946 +23.459367 +1.279518
+12.077529 +23.470857 +1.275673
+12.092027 +23.479169 +1.277360
+12.100571 +23.480830 +1.280617
+12.115203 +23.485541 +1.278962
+12.123639 +23.487262 +1.279606
+12.134950 +23.481617 +1.279208
+12.148464 +23.474757 +1.273424
+12.163886 +23.473489 +1.280692
+12.171011 +23.462285 +1.278763
+12.076020 +23.470755 +1.275568
+12.082440 +23.479761 +1.272725
+12.097846 +23.484383 +1.277830
+12.112756 +23.482895 +1.277180
+12.122283 +23.487687 +1.277862
+12.134592 +23.481640 +1.280922
+12.146729 +23.479194 +1.275539
+12.158999 +23.471592 +1.275216
+12.172713 +23.463203 +1.277498
+12.073546 +23.469640 +1.272280
+12.086636 +23.476714 +1.271872
+12.095984 +23.480925 +1.275428
+12.109468 +23.487139 +1.275587
+12.121937 +23.482979 +1.273121
+12.128878 +23.485698 +1.272905
+12.147110 +23.480480 +1.277704
+12.156588 +23.473363 +1.275543
+12.171773 +23.464608 +1.277333
+12.074190 +23.466793 +1.274546
+12.084572 +23.477012 +1.274611
+12.097003 +23.475141 +1.273749
+12.109318 +23.484140 +1.272034
+12.118942 +23.481838 +1.273460
+12.130865 +23.484451 +1.272713
+12.145944 +23.479261 +1.275300
+12.151634 +23.474691 +1.273415
+12.164131 +23.466598 +1.275540
+12.072619 +23.468877 +1.273717
+12.080587 +23.475686 +1.271165
+12.094389 +23.478471 +1.270573
+12.107314 +23.483373 +1.270151
+12.118622 +23.485788 +1.273058
+12.128075 +23.483655 +1.271069
+12.143572 +23.481370 +1.269664
+12.151769 +23.477685 +1.271297
+12.166022 +23.471841 +1.271885
+12.066646 +23.463850 +1.271280
+12.076552 +23.472476 +1.271522
+12.090466 +23.482461 +1.273217
+12.103413 +23.480531 +1.270101
+12.113674 +23.483044 +1.268317
+12.126217 +23.483029 +1.270031
+12.137793 +23.482368 +1.269629
+12.153562 +23.480725 +1.271152
+12.161679 +23.469822 +1.271832
+12.069222 +23.467875 +1.270545
+12.080883 +23.472680 +1.270006
+12.091281 +23.479894 +1.267689
+12.100952 +23.482577 +1.269110
+12.112732 +23.484249 +1.268893
+12.125072 +23.484053 +1.269973
+12.135688 +23.485095 +1.272566
+12.150015 +23.477634 +1.269894
+12.164659 +23.473111 +1.267856
+12.066818 +23.461593 +1.269248
+12.077950 +23.476104 +1.268123
+12.090426 +23.477877 +1.269926
+12.101035 +23.483569 +1.271063
+12.114017 +23.482244 +1.273027
+12.124306 +23.482448 +1.265751
+12.137604 +23.479648 +1.269572
+12.151544 +23.478317 +1.271429
+12.163845 +23.472931 +1.269934
+12.068653 +23.462978 +1.264604
+12.080129 +23.475025 +1.268595
+12.091556 +23.480470 +1.267754
+12.105259 +23.484061 +1.267842
+12.117078 +23.487746 +1.266856
+12.127581 +23.488407 +1.262756
+12.138813 +23.481857 +1.264831
+12.151749 +23.474693 +1.267406
+12.164152 +23.471302 +1.264318
+12.065121 +23.465091 +1.262265
+12.078763 +23.474340 +1.265249
+12.091598 +23.476851 +1.267457
+12.103518 +23.478854 +1.264315
+12.113645 +23.487936 +1.265847
+12.126434 +23.484181 +1.262983
+12.135862 +23.487012 +1.264308
+12.148535 +23.475296 +1.265848
+12.164030 +23.472424 +1.264730
+12.064452 +23.461816 +1.262373
+12.081016 +23.473480 +1.267077
+12.095018 +23.478316 +1.265205
+12.100598 +23.484139 +1.265704
+12.118581 +23.488486 +1.265950
+12.127831 +23.489391 +1.266574
+12.139883 +23.482070 +1.265459
+12.151342 +23.475111 +1.265141
+12.160900 +23.469017 +1.262719
+12.067258 +23.465555 +1.261351
+12.082138 +23.475949 +1.261735
+12.093825 +23.481618 +1.266269
+12.104500 +23.482217 +1.260677
+12.117720 +23.484905 +1.260958
+12.128977 +23.482101 +1.263952
+12.139487 +23.480926 +1.261770
+12.152938 +23.472766 +1.259180
+12.164195 +23.469723 +1.261825
+12.074108 +23.469660 +1.262506
+12.086360 +23.479696 +1.262058
+12.096059 +23.478563 +1.262224
+12.111934 +23.483583 +1.260324
+12.122473 +23.483605 +1.262373
+12.131548 +23.482632 +1.262882
+12.144795 +23.479915 +1.262898
+12.154173 +23.476857 +1.259369
+12.168161 +23.468721 +1.260975
+12.077598 +23.469245 +1.263062
+12.085900 +23.479407 +1.262291
+12.099456 +23.483175 +1.256664
+12.110650 +23.480833 +1.261035
+12.120341 +23.486230 +1.263463
+12.134048 +23.486922 +1.258268
+12.146484 +23.478123 +1.260965
+12.159073 +23.475268 +1.259171
+12.065216 +23.459820 +1.257369
+12.078065 +23.470002 +1.256466
+12.093599 +23.475293 +1.257178
+12.106586 +23.480540 +1.259642
+12.114074 +23.485542 +1.261323
+12.126949 +23.482864 +1.259665
+12.138545 +23.482748 +1.258075
+12.152247 +23.480189 +1.256909
+12.159820 +23.470236 +1.258516
+12.071887 +23.462423 +1.257199
+12.087454 +23.473891 +1.256344
+12.095070 +23.479348 +1.257649
+12.108396 +23.484114 +1.255557
+12.119380 +23.486056 +1.261093
+12.131869 +23.482054 +1.260001
+12.142285 +23.479831 +1.257500
+12.151734 +23.477917 +1.259276
+12.164893 +23.469187 +1.260572
+12.074943 +23.465273 +1.255497
+12.086662 +23.476455 +1.258242
+12.096116 +23.483330 +1.256324
+12.106905 +23.483950 +1.259608
+12.122153 +23.484522 +1.255462
+12.132146 +23.481468 +1.257488
+12.143680 +23.476614 +1.255474
+12.158643 +23.472746 +1.255049
+12.062443 +23.456464 +1.256630
+12.076051 +23.468312 +1.254638
+12.093117 +23.475439 +1.254486
+12.099937 +23.480688 +1.255992
+12.114037 +23.483547 +1.251736
+12.125249 +23.483430 +1.253386
+12.130323 +23.484065 +1.253867
+12.148861 +23.478573 +1.256778
+12.158397 +23.471794 +1.256453
+12.066249 +23.464025 +1.254397
+12.082073 +23.470655 +1.259015
+12.094087 +23.477519 +1.252649
+12.100079 +23.478018 +1.252747
+12.115803 +23.480474 +1.251035
+12.131728 +23.483613 +1.253117
+12.139253 +23.477073 +1.251697
+12.149848 +23.479785 +1.253663
+12.162707 +23.467682 +1.252544
+12.070176 +23.464472 +1.253129
+12.082783 +23.471866 +1.247504
+12.099020 +23.479545 +1.250234
+12.105728 +23.479766 +1.251427
+12.122904 +23.481370 +1.249922
+12.132201 +23.484965 +1.251001
+12.145602 +23.481221 +1.255507
+12.154578 +23.472363 +1.249637
+12.170812 +23.466662 +1.249791
+12.075618 +23.465836 +1.252765
+12.088268 +23.471278 +1.251351
+12.098788 +23.480077 +1.247845
+12.109396 +23.482549 +1.254519
+12.122581 +23.478727 +1.253939
+12.133749 +23.475845 +1.251766
+12.147571 +23.478412 +1.249278
+12.162573 +23.471829 +1.249809
+12.066683 +23.464517 +1.249015
+12.078060 +23.470301 +1.251156
+12.091955 +23.476510 +1.250271
+12.103414 +23.480264 +1.250883
+12.115720 +23.482591 +1.248905
+12.127543 +23.481109 +1.249777
+12.139771 +23.480420 +1.251670
+12.151463 +23.473026 +1.250312
+12.161461 +23.465469 +1.251042
+12.071181 +23.462229 +1.248826
+12.083516 +23.468635 +1.247826
+12.098543 +23.480123 +1.247051
+12.109539 +23.480894 +1.244068
+12.117477 +23.483828 +1.245560
+12.131631 +23.481598 +1.252589
+12.140876 +23.475015 +1.250447
+12.154868 +23.470978 +1.247412
+12.167662 +23.466377 +1.246665
+12.074125 +23.466760 +1.247365
+12.083804 +23.474589 +1.246041
+12.097862 +23.478646 +1.249028
+12.110268 +23.481050 +1.248310
+12.124444 +23.478686 +1.246805
+12.133794 +23.480934 +1.246608
+12.149294 +23.474455 +1.247060
+12.160794 +23.469115 +1.246762
+12.067231 +23.458144 +1.244051
+12.077550 +23.469024 +1.247707
+12.090566 +23.476287 +1.242499
+12.099881 +23.481105 +1.249104
+12.113277 +23.482251 +1.243932
+12.124237 +23.478804 +1.246484
+12.138343 +23.472086 +1.247352
+12.152708 +23.471798 +1.246155
+12.163049 +23.470096 +1.246839
+12.076235 +23.462342 +1.240375
+12.084655 +23.470628 +1.244954
+12.096832 +23.478772 +1.244896
+12.111220 +23.480282 +1.245867
+12.123884 +23.481464 +1.241408
+12.133049 +23.476687 +1.242858
+12.143312 +23.475435 +1.242122
+12.162525 +23.467895 +1.245008
+12.070133 +23.460426 +1.244336
+12.081680 +23.466459 +1.242414
+12.095531 +23.475237 +1.244707
+12.104106 +23.481981 +1.243568
+12.114304 +23.479941 +1.240700
+12.129382 +23.479692 +1.243262
+12.141439 +23.475461 +1.239163
+12.153240 +23.471892 +1.242815
+12.169774 +23.465568 +1.240816
+12.075763 +23.468147 +1.241475
+12.089856 +23.470724 +1.241886
+12.104684 +23.481847 +1.241989
+12.110743 +23.482578 +1.239933
+12.126086 +23.478619 +1.240931
+12.137975 +23.479663 +1.242582
+12.146865 +23.473081 +1.242068
+12.158853 +23.463982 +1.244775
+12.076647 +23.461929 +1.243413
+12.090013 +23.471889 +1.239714
+12.097567 +23.473396 +1.236988
+12.109902 +23.478024 +1.240777
+12.124113 +23.477249 +1.242661
+12.135922 +23.478661 +1.238464
+12.147660 +23.472093 +1.240087
+12.158050 +23.472046 +1.239522
+12.078136 +23.464593 +1.237265
+12.085494 +23.472260 +1.241832
+12.104775 +23.475956 +1.235244
+12.114198 +23.477396 +1.237461
+12.122282 +23.484070 +1.237147
+12.134633 +23.475011 +1.238300
+12.147016 +23.470637 +1.241774
+12.160001 +23.468168 +1.239245
+12.078357 +23.460691 +1.233864
+12.086496 +23.470636 +1.240998
+12.098500 +23.474264 +1.241499
+12.113139 +23.477436 +1.237344
+12.122307 +23.475619 +1.238554
+12.132831 +23.471469 +1.238185
+12.144442 +23.472614 +1.238312
+12.160611 +23.464399 +1.236558
+12.078949 +23.465298 +1.235794
+12.091409 +23.467719 +1.235419
+12.103600 +23.475549 +1.237078
+12.114071 +23.478808 +1.238668
+12.126971 +23.476786 +1.234892
+12.140144 +23.473060 +1.234062
+12.146768 +23.470115 +1.233968
+12.160418 +23.461861 +1.237397
+12.077328 +23.462472 +1.232843
+12.093931 +23.469143 +1.236390
+12.104863 +23.477971 +1.233934
+12.115677 +23.471345 +1.236198
+12.124757 +23.476427 +1.236855
+12.142885 +23.473544 +1.235470
+12.150299 +23.463721 +1.238032
+12.071926 +23.456589 +1.232307
+12.082487 +23.467149 +1.235606
+12.089289 +23.469931 +1.233037
+12.108875 +23.476236 +1.234263
+12.117139 +23.475006 +1.232690
+12.129592 +23.477307 +1.230340
+12.142275 +23.471018 +1.233421
+12.156380 +23.465643 +1.232887
+12.074665 +23.454725 +1.230812
+12.080974 +23.464091 +1.232494
+12.102415 +23.469786 +1.232144
+12.109412 +23.474616 +1.232143
+12.120644 +23.478945 +1.231915
+12.134590 +23.472634 +1.231959
+12.146422 +23.470254 +1.231062
+12.157499 +23.463753 +1.232657
+12.074227 +23.460167 +1.229579
+12.087919 +23.470622 +1.232927
+12.099352 +23.472664 +1.232481
+12.109705 +23.476416 +1.225525
+12.119029 +23.474411 +1.232640
+12.137591 +23.471364 +1.229938
+12.149025 +23.467983 +1.235352
+12.160722 +23.457596 +1.227322
+12.078261 +23.461911 +1.230260
+12.089523 +23.465841 +1.227980
+12.099471 +23.469663 +1.230612
+12.114639 +23.475724 +1.231966
+12.122935 +23.471833 +1.228986
+12.135094 +23.473130 +1.230600
+12.145047 +23.465560 +1.229919
+12.159904 +23.458105 +1.228672
+12.083731 +23.459087 +1.228982
+12.096775 +23.468533 +1.230467
+12.105431 +23.469469 +1.225851
+12.117900 +23.471881 +1.227698
+12.126110 +23.471903 +1.227993
+12.143191 +23.467373 +1.228293
+12.156345 +23.463216 +1.226724
+12.077400 +23.457033 +1.228418
+12.087119 +23.466931 +1.229301
+12.103343 +23.469604 +1.228598
+12.111297 +23.471024 +1.228354
+12.125752 +23.468364 +1.227114
+12.138804 +23.466650 +1.228327
+12.145501 +23.464033 +1.226430
+12.076918 +23.452782 +1.224523
+12.085238 +23.457863 +1.227799
+12.093168 +23.464028 +1.226094
+12.111153 +23.464183 +1.227141
+12.122723 +23.469975 +1.224172
+12.135373 +23.468672 +1.226419
+12.141839 +23.464522 +1.224840
+12.156411 +23.451962 +1.226402
+12.082575 +23.459279 +1.225213
+12.095596 +23.464639 +1.228623
+12.106498 +23.468246 +1.226726
+12.118612 +23.472788 +1.221841
+12.134500 +23.466083 +1.223387
+12.142970 +23.460362 +1.222463
+12.155980 +23.461958 +1.225658
+12.079297 +23.452320 +1.224001
+12.097885 +23.464090 +1.221859
+12.105278 +23.467390 +1.222936
+12.122492 +23.465148 +1.223542
+12.128855 +23.467173 +1.221929
+12.142773 +23.463073 +1.225037
+12.153543 +23.457952 +1.226711
+12.083500 +23.451809 +1.221282
+12.096896 +23.461924 +1.224029
+12.104570 +23.465664 +1.222444
+12.119996 +23.467249 +1.222586
+12.131711 +23.465637 +1.216295
+12.139552 +23.460058 +1.220536
+12.153805 +23.457052 +1.219415
+12.085652 +23.453614 +1.218743
+12.101248 +23.458318 +1.221538
+12.113244 +23.467138 +1.219709
+12.122285 +23.466047 +1.219994
+12.135407 +23.461193 +1.223248
+12.144437 +23.458438 +1.221371
+12.079208 +23.448921 +1.220265
+12.091537 +23.457747 +1.217398
+12.108126 +23.462355 +1.215844
+12.118236 +23.463138 +1.218609
+12.128598 +23.464383 +1.219856
+12.140618 +23.457512 +1.215934
+12.150141 +23.456262 +1.220752
+12.092471 +23.450731 +1.219051
+12.099106 +23.458882 +1.221200
+12.109705 +23.463221 +1.218001
+12.130006 +23.460563 +1.222164
+12.140242 +23.458134 +1.213701
+12.148128 +23.459285 +1.215905
+12.088486 +23.455476 +1.215105
+12.101893 +23.457744 +1.215802
+12.112227 +23.460303 +1.216589
+12.123982 +23.461458 +1.216257
+12.136688 +23.459972 +1.220018
+12.147462 +23.451930 +1.216613
+12.088938 +23.453364 +1.217166
+12.100136 +23.458219 +1.213471
+12.115552 +23.459443 +1.217518
+12.129237 +23.459522 +1.214392
+12.135892 +23.462172 +1.213435
+12.152536 +23.451686 +1.214930
+12.089258 +23.449847 +1.214166
+12.100649 +23.459899 +1.213463
+12.116034 +23.459797 +1.212195
+12.127190 +23.463212 +1.216293
+12.137566 +23.459253 +1.213442
+12.148076 +23.450769 +1.211978
+12.090524 +23.449208 +1.211152
+12.103827 +23.456934 +1.212182
+12.113883 +23.458245 +1.211469
+12.125654 +23.463035 +1.212736
+12.138432 +23.455400 +1.211270
+12.084742 +23.444026 +1.209376
+12.099670 +23.450700 +1.210070
+12.114533 +23.453697 +1.208616
+12.120385 +23.459057 +1.213101
+12.133958 +23.454839 +1.211212
+12.143048 +23.452255 +1.210618
+12.094832 +23.449352 +1.205059
+12.109518 +23.452879 +1.208037
+12.124627 +23.458384 +1.210235
+12.133045 +23.453422 +1.211487
+12.141701 +23.446705 +1.211523
+12.097851 +23.446174 +1.209291
+12.106083 +23.451536 +1.210001
+12.117763 +23.452762 +1.205461
+12.130585 +23.450711 +1.207868
+12.141958 +23.446030 +1.206130
+12.101349 +23.443809 +1.208492
+12.109475 +23.452057 +1.207411
+12.120234 +23.451467 +1.209172
+12.135782 +23.450627 +1.209673
+12.089632 +23.437383 +1.205479
+12.106929 +23.446054 +1.208187
+12.115142 +23.446930 +1.206599
+12.128837 +23.448838 +1.206622
+12.090574 +23.435197 +1.207885
+12.106849 +23.440640 +1.203398
+12.117240 +23.445599 +1.201739
+12.127465 +23.443340 +1.204995
+12.101784 +23.435193 +1.204468
+12.112801 +23.443530 +1.204871
+12.091768 +23.431134 +1.200056
+12.108645 +23.438958 +1.200948
+12.106467 +23.431922 +1.198884
+12.114752 +23.438385 +1.200224
+12.107802 +23.434484 +1.198496
+12.105230 +23.429426 +1.198067
